pSenha = 5F64DD1264559DE71643B29E3B010D648954B7229D42823EC7273DD85B300763
pEmail = (null)
IDF = 7
pSexo = 0
pSkin = 0
pDinheiro = 898
pBanco = 800
pIdade = 0
pSegundosJogados = 3236
pAvisos = 0
pCadeia = 0
pLastLogin = 10/11/2023 - 19:40
pInterior = 0
pPosX = -13.09427261
pPosY = 1376.50439453
pPosZ = 9.17187500
pPosA = 90.67002105
pCamX = -10.00739955
pCamY = 1377.49865722
pCamZ = 10.22749996
pCongelado = false
pCalado = false
pFome = 0
pSede = 60
pCoins = 0
pProfissao = 6
pOrg = 0
pCargo = 0
pProcurado = 0
pMultas = 0
pCasa = -1
pLevel = 0
pXP = 0
LicencaConduzir = 0
pNome = Edgleison De Lima Sousa
pNascimento = 09/10/1999
pPai = Antonio Marcelo
pMae = Maria Bezerra de Sousa
pRG = 1
pCarteiraT = 0
Pecas = 0
