pSenha = A1595D1ED0C8A9F19499C0A3120AB639309A1E2DA5F5EE153CDEF14FCBC9F7CF
pEmail = (null)
IDF = 10070
pSexo = 0
pSkin = 0
pDinheiro = 0
pBanco = 0
pIdade = 0
pSegundosJogados = 88
pAvisos = 0
pCadeia = 0
pAdmin = 0
pLastLogin = 13/10/2023 - 15:45
pInterior = 0
pPosX = 220.40925598
pPosY = -88.92253875
pPosZ = 1.57675123
pPosA = 305.30239868
pCamX = 218.40559387
pCamY = -91.48139953
pCamZ = 2.01230001
pCongelado = false
pCalado = false
pFome = 0
pSede = 0
pVIP = 0
pCoins = 0
pProfissao = 0
pOrg = 0
pCargo = 0
pProcurado = 0
pMultas = 0
pCasa = -1
pLevel = 0
pXP = 0
LicencaConduzir = 0
pNome = (null)
pNascimento = (null)
pPai = (null)
pMae = (null)
pRG = 0
pCarteiraT = 0
Pecas = 0
