pSenha = A222B1AF4235D246600BA302D0834A4877C265C9ED2CDC7EF5B3E49339BC47A8
pEmail = (null)
IDF = 10054
pSexo = 0
pSkin = 0
pDinheiro = 0
pBanco = 0
pIdade = 0
pSegundosJogados = 32
pAvisos = 0
pCadeia = 0
pAdmin = 0
pLastLogin = 07/10/2023 - 19:09
pInterior = 0
pPosX = -1972.98327636
pPosY = 132.26554870
pPosZ = 27.69404983
pPosA = 8.42634296
pCamX = -1972.47900390
pCamY = 128.86129760
pCamZ = 28.93199920
pCongelado = false
pCalado = false
pFome = 0
pSede = 0
pVIP = 0
pCoins = 0
pProfissao = 0
pOrg = 0
pCargo = 0
pProcurado = 0
pMultas = 0
pCasa = -1
pLevel = 0
pXP = 0
LicencaConduzir = 0
pNome = (null)
pNascimento = (null)
pPai = (null)
pMae = (null)
pRG = 0
pCarteiraT = 0
