pSenha = 8D9807422C3CFD32E13AFFE9D410D8ED0EB9A9FB516677C00E8568FDC53F1817
pEmail = (null)
IDF = 10061
pSexo = 0
pSkin = 0
pDinheiro = 0
pBanco = 0
pIdade = 0
pSegundosJogados = 746
pAvisos = 0
pCadeia = 0
pAdmin = 0
pLastLogin = 13/10/2023 - 10:27
pInterior = 0
pPosX = 1268.07141113
pPosY = -1466.96936035
pPosZ = 10.04687500
pPosA = 207.34623718
pCamX = 1270.46984863
pCamY = -1462.32373046
pCamZ = 11.95750045
pCongelado = false
pCalado = false
pFome = 0
pSede = 0
pVIP = 0
pCoins = 0
pProfissao = 0
pOrg = 0
pCargo = 0
pProcurado = 0
pMultas = 0
pCasa = -1
pLevel = 0
pXP = 0
LicencaConduzir = 0
pNome = (null)
pNascimento = (null)
pPai = (null)
pMae = (null)
pRG = 0
pCarteiraT = 0
Pecas = 0
