pSenha = 46E6C9142CCA7C31A4BB14A53037863755763C91253FD24528363A4B23F4E0EA
pEmail = alisonfavelador@gmail.c
IDF = 11
pSexo = 1
pSkin = 3
pDinheiro = 5000
pBanco = 12
pIdade = 0
pSegundosJogados = 3736
pAvisos = 0
pCadeia = 0
pLastLogin = 10/11/2023 - 18:42
pInterior = 0
pPosX = 387.44577026
pPosY = -1771.32287597
pPosZ = 5.40848302
pPosA = 100.06172180
pCamX = 389.38229370
pCamY = -1774.41638183
pCamZ = 6.77220010
pCongelado = false
pCalado = false
pFome = 94
pSede = 94
pCoins = 0
pProfissao = 1
pOrg = 0
pCargo = 0
pProcurado = 0
pMultas = 0
pCasa = -1
pLevel = 0
pXP = 0
LicencaConduzir = 0
pNome = Alison_monteiro
pNascimento = 04/07/2006
pPai = zeta_gaming
pMae = mila_gaming
pRG = 1
pCarteiraT = 0
Pecas = 0
