pSenha = 46E6C9142CCA7C31A4BB14A53037863755763C91253FD24528363A4B23F4E0EA
pEmail = alisonfavelador@gmail.c
IDF = 11
pSexo = 1
pSkin = 3
pDinheiro = 3050
pBanco = 12
pIdade = 0
pSegundosJogados = 3956
pAvisos = 0
pCadeia = 0
pLastLogin = 11/11/2023 - 17:05
pInterior = 0
pPosX = 1784.50744628
pPosY = -1899.22058105
pPosZ = 12.97311973
pPosA = 110.37005615
pCamX = 1786.06359863
pCamY = -1895.27722167
pCamZ = 14.69099998
pCongelado = false
pCalado = false
pFome = 92
pSede = 93
pCoins = 0
pProfissao = 1
pOrg = 0
pCargo = 0
pProcurado = 0
pMultas = 0
pCasa = -1
pLevel = 0
pXP = 0
LicencaConduzir = 0
pNome = Alison_monteiro
pNascimento = 04/07/2006
pPai = zeta_gaming
pMae = mila_gaming
pRG = 1
pCarteiraT = 0
Pecas = 0
