pSenha = 766073C5CC73B62925C89D036D93263394B66DA38F2B0352C3E7ACB307C01714
pEmail = ggsamp@gmail.com
IDF = 24
pSexo = 1
pSkin = 33
pDinheiro = 500
pBanco = 0
pIdade = 0
pSegundosJogados = 606
pAvisos = 0
pCadeia = 0
pLastLogin = 10/11/2023 - 16:44
pInterior = 0
pPosX = 1685.47680664
pPosY = -2313.02661132
pPosZ = 13.54687500
pPosA = 188.89784240
pCamX = 1685.13476562
pCamY = -2309.63696289
pCamZ = 14.94629955
pCongelado = false
pCalado = false
pFome = 87
pSede = 89
pCoins = 0
pProfissao = 0
pOrg = 0
pCargo = 0
pProcurado = 0
pMultas = 0
pCasa = -1
pLevel = 0
pXP = 0
LicencaConduzir = 0
pNome = (null)
pNascimento = (null)
pPai = (null)
pMae = (null)
pRG = 0
pCarteiraT = 0
Pecas = 0
