pSenha = C96D6F74002F3B9BE128E8B8B9A6A2A301EFAE13A4AA76EE71D5EB18099BE22A
pEmail = andremarlos2302@gmail.c
IDF = 10045
pSexo = 1
pSkin = 7
pDinheiro = 500
pBanco = 0
pIdade = 0
pSegundosJogados = 128
pAvisos = 0
pCadeia = 0
pAdmin = 0
pLastLogin = 07/10/2023 - 18:46
pInterior = 0
pPosX = -1974.45898437
pPosY = 134.70367431
pPosZ = 27.68750000
pPosA = 105.37792205
pCamX = -1971.73803710
pCamY = 136.76390075
pCamZ = 28.74399948
pCongelado = false
pCalado = false
pFome = 100
pSede = 100
pVIP = 0
pCoins = 5000
pProfissao = 0
pOrg = 0
pCargo = 0
pProcurado = 0
pMultas = 0
pCasa = -1
pLevel = 0
pXP = 0
LicencaConduzir = 0
pNome = (null)
pNascimento = (null)
pPai = (null)
pMae = (null)
pRG = 0
pCarteiraT = 0
