pSenha = 4F169BDD2D40946B819129B9DD7ECDB4B2F0339452F9FF3BE5B7F25404CD4E2C
pEmail = ytpierre797@gmail.com
IDF = 55
pSexo = 1
pSkin = 114
pDinheiro = 500
pBanco = 0
pIdade = 0
pSegundosJogados = 48
pAvisos = 0
pCadeia = 0
pLastLogin = 10/11/2023 - 23:54
pInterior = 0
pPosX = 1681.62487792
pPosY = -2311.76708984
pPosZ = 13.54687500
pPosA = 167.73930358
pCamX = 1684.83898925
pCamY = -2311.14770507
pCamZ = 14.85859966
pCongelado = false
pCalado = false
pFome = 100
pSede = 100
pCoins = 0
pProfissao = 0
pOrg = 0
pCargo = 0
pProcurado = 0
pMultas = 0
pCasa = -1
pLevel = 0
pXP = 0
LicencaConduzir = 0
pNome = (null)
pNascimento = (null)
pPai = (null)
pMae = (null)
pRG = 0
pCarteiraT = 0
Pecas = 0
