pSenha = FF050B5F6561BFF98305EBD4B37A56C57D715E0D184DC65139E96E68CF3E246B
pEmail = aahjjjjjsdd@gmail.com
IDF = 22
pSexo = 1
pSkin = 61
pDinheiro = 500
pBanco = 0
pIdade = 0
pSegundosJogados = 1264
pAvisos = 0
pCadeia = 0
pLastLogin = 10/11/2023 - 17:03
pInterior = 0
pPosX = -1244.89904785
pPosY = 2691.56225585
pPosZ = 50.29081726
pPosA = 213.67485046
pCamX = -1240.93835449
pCamY = 2687.92846679
pCamZ = 52.43640136
pCongelado = false
pCalado = false
pFome = 81
pSede = 82
pCoins = 0
pProfissao = 0
pOrg = 0
pCargo = 0
pProcurado = 0
pMultas = 0
pCasa = -1
pLevel = 0
pXP = 0
LicencaConduzir = 0
pNome = (null)
pNascimento = (null)
pPai = (null)
pMae = (null)
pRG = 0
pCarteiraT = 0
Pecas = 0
