pSenha = 51A9800CFE5DB340C767A4CD0DC58F20A9EF84A50201025805A4615283B400E6
pEmail = (null)
IDF = 10037
pSexo = 0
pSkin = 0
pDinheiro = 500
pBanco = 0
pIdade = 0
pSegundosJogados = 518
pAvisos = 0
pCadeia = 0
pAdmin = 0
pLastLogin = 03/10/2023 - 07:37
pInterior = 0
pPosX = -503.13153076
pPosY = -503.75357055
pPosZ = 25.52343750
pPosA = 0.31898108
pCamX = -502.96560668
pCamY = -505.00250244
pCamZ = 24.86499977
pCongelado = false
pCalado = false
pFome = -19
pSede = -19
pVIP = 0
pCoins = 0
pProfissao = 0
pOrg = 0
pCargo = 0
pProcurado = 0
pMultas = 0
pCasa = -1
pLevel = 0
pXP = 0
LicencaConduzir = 0
pNome = (null)
pNascimento = (null)
pPai = (null)
pMae = (null)
pRG = 0
pCarteiraT = 0
