pSenha = 975354B3E1225636E3E31D99C56402EE761445E0AE2E168627FD9F346997CCF8
pEmail = arthurreis123@gmail.com
IDF = 76
pSexo = 1
pSkin = 115
pDinheiro = 4614
pBanco = 0
pIdade = 0
pSegundosJogados = 1524
pAvisos = 0
pCadeia = 0
pLastLogin = 11/11/2023 - 19:30
pInterior = 0
pPosX = 163.94331359
pPosY = -1941.36364746
pPosZ = 3.77343750
pPosA = 255.41123962
pCamX = 162.19140625
pCamY = -1941.02258300
pCamZ = 4.75549983
pCongelado = false
pCalado = false
pFome = 77
pSede = 75
pCoins = 6000
pProfissao = 1
pOrg = 0
pCargo = 0
pProcurado = 0
pMultas = 0
pCasa = -1
pLevel = 0
pXP = 0
LicencaConduzir = 0
pNome = Arthur Reis Dos Santos
pNascimento = 06/11/2000
pPai = Fernando Beira Mar
pMae = Carmem Beira Mar
pRG = 1
pCarteiraT = 1
Pecas = 0
