pSenha = EF06FD23C94CB62C95B51BC49D4380143707F8244D364BEC0DD3A7E723292294
pEmail = juanviniciuslima592@gma
IDF = 57
pSexo = 1
pSkin = 45
pDinheiro = 500
pBanco = 0
pIdade = 0
pSegundosJogados = 226
pAvisos = 0
pCadeia = 0
pLastLogin = 11/11/2023 - 17:36
pInterior = 0
pPosX = 1687.14770507
pPosY = -2321.07446289
pPosZ = 13.38281250
pPosA = 213.51795959
pCamX = 1683.64196777
pCamY = -2320.27563476
pCamZ = 14.16170024
pCongelado = false
pCalado = false
pFome = 100
pSede = 100
pCoins = 0
pProfissao = 0
pOrg = 0
pCargo = 0
pProcurado = 0
pMultas = 0
pCasa = -1
pLevel = 0
pXP = 0
LicencaConduzir = 0
pNome = (null)
pNascimento = (null)
pPai = (null)
pMae = (null)
pRG = 0
pCarteiraT = 0
Pecas = 0
