pSenha = C74A9F59B04A7CC8BB26ABC4886315474A8E4E3C896ECC5DC50BB13E4E513DBB
pEmail = (null)
IDF = 10005
pSexo = 0
pSkin = 0
pDinheiro = 0
pBanco = 0
pIdade = 0
pSegundosJogados = 274
pAvisos = 0
pCadeia = 0
pAdmin = 0
pLastLogin = 30/09/2023 - 00:04
pInterior = 0
pPosX = 61.04386901
pPosY = -366.83990478
pPosZ = 7.30578708
pPosA = 249.07893371
pCamX = 57.78099822
pCamY = -368.05590820
pCamZ = 8.23779964
pCongelado = false
pCalado = false
pFome = -3
pSede = -3
pVIP = 0
pCoins = 0
pProfissao = 0
pOrg = 0
pCargo = 0
pProcurado = 0
pMultas = 0
pCasa = -1
pLevel = 0
pXP = 0
LicencaConduzir = 0
pNome = (null)
pNascimento = (null)
pPai = (null)
pMae = (null)
pRG = 0
pCarteiraT = 0
