pSenha = C4A804B5B71C6377C6E2BD7652582B763D289E9DABB206DCFC8FDD442F98490C
pEmail = (null)
IDF = 10075
pSexo = 0
pSkin = 0
pDinheiro = 0
pBanco = 0
pIdade = 0
pSegundosJogados = 156
pAvisos = 0
pCadeia = 0
pAdmin = 0
pLastLogin = 17/10/2023 - 11:21
pInterior = 0
pPosX = 234.84161376
pPosY = -83.79356384
pPosZ = 1.42650485
pPosA = 192.20362854
pCamX = 233.83140563
pCamY = -80.69580078
pCamZ = 2.19009995
pCongelado = false
pCalado = false
pFome = 0
pSede = 0
pVIP = 0
pCoins = 0
pProfissao = 0
pOrg = 0
pCargo = 0
pProcurado = 0
pMultas = 0
pCasa = -1
pLevel = 0
pXP = 0
LicencaConduzir = 0
pNome = (null)
pNascimento = (null)
pPai = (null)
pMae = (null)
pRG = 0
pCarteiraT = 0
Pecas = 0
