pSenha = 55CBA6BE5ED3E7CDFC651D6BA37E099E62CB269B623F90C4CE8392E4152C8035
pEmail = wm3775109@gmail.com
IDF = 8
pSexo = 1
pSkin = 6
pDinheiro = 1379
pBanco = 0
pIdade = 0
pSegundosJogados = 1852
pAvisos = 0
pCadeia = 0
pLastLogin = 10/11/2023 - 16:12
pInterior = 0
pPosX = 1258.55578613
pPosY = -1263.10839843
pPosZ = 17.82136535
pPosA = 250.43054199
pCamX = 1259.22949218
pCamY = -1261.36315917
pCamZ = 18.51140022
pCongelado = false
pCalado = false
pFome = 81
pSede = 76
pCoins = 0
pProfissao = 5
pOrg = 0
pCargo = 0
pProcurado = 0
pMultas = 2698
pCasa = -1
pLevel = 0
pXP = 0
LicencaConduzir = 0
pNome = Braga Povy
pNascimento = 24 03 2005
pPai = Gabriel POVY
pMae = Marias jose
pRG = 1
pCarteiraT = 0
Pecas = 0
