pSenha = F2B383E0A8F624EF7F3FE5BDF74163C438DDA3FE13AABB77AFA0040288852F8B
pEmail = bruxo7988@gmail.com
IDF = 10068
pSexo = 1
pSkin = 2
pDinheiro = 500
pBanco = 0
pIdade = 0
pSegundosJogados = 222
pAvisos = 0
pCadeia = 0
pAdmin = 0
pLastLogin = 13/10/2023 - 04:28
pInterior = 0
pPosX = -2062.64355468
pPosY = -72.54634094
pPosZ = 34.74018859
pPosA = 94.46581268
pCamX = -2063.01538085
pCamY = -77.73110198
pCamZ = 36.95069885
pCongelado = false
pCalado = false
pFome = 99
pSede = 97
pVIP = 0
pCoins = 0
pProfissao = 0
pOrg = 0
pCargo = 0
pProcurado = 0
pMultas = 0
pCasa = -1
pLevel = 0
pXP = 0
LicencaConduzir = 0
pNome = (null)
pNascimento = (null)
pPai = (null)
pMae = (null)
pRG = 0
pCarteiraT = 0
Pecas = 0
