pSenha = 0026FB211CC360694B960722A3B3075A76972DF91321CE540A4842C79A88262B
pEmail = akd@gmail.com
IDF = 32
pSexo = 1
pSkin = 1
pDinheiro = 500
pBanco = -1504
pIdade = 0
pSegundosJogados = 448
pAvisos = 0
pCadeia = 0
pLastLogin = 10/11/2023 - 17:22
pInterior = 0
pPosX = 1325.36389160
pPosY = -1730.78796386
pPosZ = 14.24483966
pPosA = 25.44575881
pCamX = 1329.41394042
pCamY = -1739.39062500
pCamZ = 13.70610046
pCongelado = false
pCalado = false
pFome = 76
pSede = 78
pCoins = 0
pProfissao = 0
pOrg = 0
pCargo = 0
pProcurado = 0
pMultas = 0
pCasa = -1
pLevel = 0
pXP = 0
LicencaConduzir = 0
pNome = Jacintopinto
pNascimento = 01/04/1897
pPai = Jacintoacanbeça
pMae = Jacintiopinto
pRG = 1
pCarteiraT = 0
Pecas = 0
