pSenha = C66E5FCCC089F57CE0DE8E28960D9B9524F03815DD3DD3AD95D3B1501B4B8C2C
pEmail = cauanwalker07k@gmail.co
IDF = 10062
pSexo = 1
pSkin = 29
pDinheiro = 500
pBanco = 0
pIdade = 0
pSegundosJogados = 80
pAvisos = 0
pCadeia = 0
pAdmin = 0
pLastLogin = 11/10/2023 - 17:53
pInterior = 0
pPosX = -1990.87219238
pPosY = 135.59794616
pPosZ = 27.53906250
pPosA = 124.12155151
pCamX = -1989.54895019
pCamY = 138.78059387
pCamZ = 28.00379943
pCongelado = false
pCalado = false
pFome = 100
pSede = 100
pVIP = 0
pCoins = 0
pProfissao = 0
pOrg = 0
pCargo = 0
pProcurado = 0
pMultas = 0
pCasa = -1
pLevel = 0
pXP = 0
LicencaConduzir = 0
pNome = (null)
pNascimento = (null)
pPai = (null)
pMae = (null)
pRG = 0
pCarteiraT = 0
Pecas = 0
