pSenha = E35F6C51E4178691B7E616FBF94AE92F92E3E9E4D63EE98C48E68289C984F072
pEmail = mlksurtado@gmail.com
IDF = 44
pSexo = 1
pSkin = 6
pDinheiro = 500
pBanco = 0
pIdade = 0
pSegundosJogados = 176
pAvisos = 0
pCadeia = 0
pLastLogin = 10/11/2023 - 18:43
pInterior = 0
pPosX = 1488.33056640
pPosY = -1742.31909179
pPosZ = 13.12887477
pPosA = 19.48868560
pCamX = 1484.14367675
pCamY = -1745.52624511
pCamZ = 15.02299976
pCongelado = false
pCalado = false
pFome = 100
pSede = 100
pCoins = 0
pProfissao = 0
pOrg = 0
pCargo = 0
pProcurado = 0
pMultas = 0
pCasa = -1
pLevel = 0
pXP = 0
LicencaConduzir = 0
pNome = (null)
pNascimento = (null)
pPai = (null)
pMae = (null)
pRG = 0
pCarteiraT = 0
Pecas = 0
