pSenha = 544F4738DCBD5CABDF117DB15EF42D62EC9A3385697FBCF0D4B88A6A770415C5
pEmail = (null)
IDF = 37
pSexo = 0
pSkin = 0
pDinheiro = 0
pBanco = 0
pIdade = 0
pSegundosJogados = 42
pAvisos = 0
pCadeia = 0
pLastLogin = 10/11/2023 - 17:28
pInterior = 0
pPosX = 132.26206970
pPosY = -67.85411834
pPosZ = 1.57812500
pPosA = 228.83264160
pCamX = 129.63810729
pCamY = -69.83480072
pCamZ = 2.55390000
pCongelado = false
pCalado = false
pFome = 0
pSede = 0
pCoins = 0
pProfissao = 0
pOrg = 0
pCargo = 0
pProcurado = 0
pMultas = 0
pCasa = -1
pLevel = 0
pXP = 0
LicencaConduzir = 0
pNome = (null)
pNascimento = (null)
pPai = (null)
pMae = (null)
pRG = 0
pCarteiraT = 0
Pecas = 0
