pSenha = 58260130A2AB5FF3293313F482110556EB335F2605316E4B4316D78667B3C1E4
pEmail = everton138pere@gmail.co
IDF = 10057
pSexo = 1
pSkin = 5
pDinheiro = 500
pBanco = 0
pIdade = 0
pSegundosJogados = 916
pAvisos = 0
pCadeia = 0
pAdmin = 0
pLastLogin = 08/10/2023 - 18:54
pInterior = 0
pPosX = 0.00000000
pPosY = 0.00000000
pPosZ = 0.00000000
pPosA = 0.00000000
pCamX = 0.00000000
pCamY = 0.00000000
pCamZ = 0.00000000
pCongelado = false
pCalado = false
pFome = -55
pSede = -58
pVIP = 0
pCoins = 0
pProfissao = 0
pOrg = 0
pCargo = 0
pProcurado = 0
pMultas = 0
pCasa = -1
pLevel = 0
pXP = 0
LicencaConduzir = 0
pNome = (null)
pNascimento = (null)
pPai = (null)
pMae = (null)
pRG = 0
pCarteiraT = 0
