pSenha = 9C993B93448CD8FD66B467BCE261AD751B513DCF595E2F7CC375AFF62DFDEF54
pEmail = ccleberboasorte@gmail.c
IDF = 10080
pSexo = 1
pSkin = 2
pDinheiro = 500
pBanco = 0
pIdade = 0
pSegundosJogados = 2186
pAvisos = 0
pCadeia = 0
pAdmin = 0
pLastLogin = 18/10/2023 - 23:22
pInterior = 0
pPosX = -1993.59387207
pPosY = 150.08015441
pPosZ = 27.53906250
pPosA = 184.92959594
pCamX = -1994.19543457
pCamY = 150.89689636
pCamZ = 28.43210029
pCongelado = false
pCalado = false
pFome = 75
pSede = 71
pVIP = 0
pCoins = 5000
pProfissao = 0
pOrg = 0
pCargo = 0
pProcurado = 0
pMultas = 0
pCasa = -1
pLevel = 0
pXP = 0
LicencaConduzir = 0
pNome = clebin
pNascimento = 06/01/2009
pPai = jose
pMae = maria
pRG = 1
pCarteiraT = 0
Pecas = 0
