pSenha = 99E9CD314316B7E56B0CE5935D40F39CF58E3E61362B1A60D0336F519F549953
pEmail = paixecol@gmail.com
IDF = 10030
pSexo = 1
pSkin = 222
pDinheiro = 500
pBanco = 0
pIdade = 0
pSegundosJogados = 54
pAvisos = 0
pCadeia = 0
pAdmin = 0
pLastLogin = 02/10/2023 - 21:45
pInterior = 0
pPosX = -1974.91931152
pPosY = 137.03698730
pPosZ = 27.68750000
pPosA = 192.93927001
pCamX = -1975.49963378
pCamY = 140.26770019
pCamZ = 29.42130088
pCongelado = false
pCalado = false
pFome = 100
pSede = 100
pVIP = 0
pCoins = 0
pProfissao = 0
pOrg = 0
pCargo = 0
pProcurado = 0
pMultas = 0
pCasa = -1
pLevel = 0
pXP = 0
LicencaConduzir = 0
pNome = (null)
pNascimento = (null)
pPai = (null)
pMae = (null)
pRG = 0
pCarteiraT = 0
