pSenha = BF99E1041A964E51A5E6895CCFC91096A795D0DF5F83B0D1AD551EE35EAB11A0
pEmail = brabodagalaxia123@gmail
IDF = 10084
pSexo = 1
pSkin = 2
pDinheiro = 500
pBanco = 0
pIdade = 0
pSegundosJogados = 16
pAvisos = 0
pCadeia = 0
pAdmin = 0
pLastLogin = 18/10/2023 - 23:07
pInterior = 0
pPosX = 50.00000000
pPosY = 50.00000000
pPosZ = 50.00000000
pPosA = 0.00000000
pCamX = 50.00000000
pCamY = 50.00000000
pCamZ = 50.00000000
pCongelado = false
pCalado = false
pFome = 100
pSede = 100
pVIP = 0
pCoins = 5000
pProfissao = 0
pOrg = 0
pCargo = 0
pProcurado = 0
pMultas = 0
pCasa = -1
pLevel = 0
pXP = 0
LicencaConduzir = 0
pNome = (null)
pNascimento = (null)
pPai = (null)
pMae = (null)
pRG = 0
pCarteiraT = 0
Pecas = 0
