pSenha = 22A7EF65B0BEF0EA6C479E7619CA8290C8D1FB272E9538D8D9CA588D6759E23E
pEmail = (null)
IDF = 73
pSexo = 0
pSkin = 0
pDinheiro = 0
pBanco = 0
pIdade = 0
pSegundosJogados = 38
pAvisos = 0
pCadeia = 0
pLastLogin = 11/11/2023 - 18:14
pInterior = 0
pPosX = 1686.94079589
pPosY = -2325.94482421
pPosZ = 13.54687500
pPosA = 1.63182842
pCamX = 1687.81079101
pCamY = -2323.38671875
pCamZ = 14.57279968
pCongelado = false
pCalado = false
pFome = 0
pSede = 0
pCoins = 0
pProfissao = 0
pOrg = 0
pCargo = 0
pProcurado = 0
pMultas = 0
pCasa = -1
pLevel = 0
pXP = 0
LicencaConduzir = 0
pNome = (null)
pNascimento = (null)
pPai = (null)
pMae = (null)
pRG = 0
pCarteiraT = 0
Pecas = 0
