pSenha = D3B518D760D7F375BF13974FAF7C73E02BAC2FBD48E8A897D0BFC4EB84C8EA7D
pEmail = goisbruno29@gmail.com
IDF = 49
pSexo = 1
pSkin = 73
pDinheiro = 500
pBanco = 0
pIdade = 0
pSegundosJogados = 280
pAvisos = 0
pCadeia = 0
pLastLogin = 10/11/2023 - 20:26
pInterior = 0
pPosX = 1687.51892089
pPosY = -2311.17602539
pPosZ = 13.54687500
pPosA = 166.37286376
pCamX = 1688.12854003
pCamY = -2308.09106445
pCamZ = 14.95660018
pCongelado = false
pCalado = false
pFome = 99
pSede = 99
pCoins = 0
pProfissao = 0
pOrg = 0
pCargo = 0
pProcurado = 0
pMultas = 0
pCasa = -1
pLevel = 0
pXP = 0
LicencaConduzir = 0
pNome = (null)
pNascimento = (null)
pPai = (null)
pMae = (null)
pRG = 0
pCarteiraT = 0
Pecas = 0
