pSenha = 9C993B93448CD8FD66B467BCE261AD751B513DCF595E2F7CC375AFF62DFDEF54
pEmail = nsei@gmail.com
IDF = 10021
pSexo = 1
pSkin = 3
pDinheiro = 500
pBanco = 0
pIdade = 0
pSegundosJogados = 24
pAvisos = 0
pCadeia = 0
pAdmin = 0
pLastLogin = 01/10/2023 - 15:08
pInterior = 0
pPosX = 50.00000000
pPosY = 50.00000000
pPosZ = 50.00000000
pPosA = 0.00000000
pCamX = 50.00000000
pCamY = 50.00000000
pCamZ = 50.00000000
pCongelado = false
pCalado = false
pFome = 100
pSede = 100
pVIP = 0
pCoins = 0
pProfissao = 0
pOrg = 0
pCargo = 0
pProcurado = 0
pMultas = 0
pCasa = -1
pLevel = 0
pXP = 0
LicencaConduzir = 1
pNome = (null)
pNascimento = (null)
pPai = (null)
pMae = (null)
pRG = 0
pCarteiraT = 0
