pSenha = 25E19755B1E04CC027A6658B1F7FA90087FC7929B90350B6984EEB6A09FF5E51
pEmail = dedercio@gmail.com
IDF = 21
pSexo = 1
pSkin = 4
pDinheiro = 933
pBanco = 0
pIdade = 0
pSegundosJogados = 1004
pAvisos = 0
pCadeia = 0
pLastLogin = 10/11/2023 - 16:39
pInterior = 0
pPosX = 151.53198242
pPosY = -1938.48486328
pPosZ = 3.37999963
pPosA = 222.21841430
pCamX = 157.05650329
pCamY = -1939.22521972
pCamZ = 6.13959980
pCongelado = false
pCalado = false
pFome = 88
pSede = 85
pCoins = 0
pProfissao = 0
pOrg = 0
pCargo = 0
pProcurado = 0
pMultas = 0
pCasa = -1
pLevel = 0
pXP = 0
LicencaConduzir = 0
pNome = DARK
pNascimento = 08/10/1998
pPai = DARKIZINHO
pMae = DARKIZINHA
pRG = 1
pCarteiraT = 0
Pecas = 0
