pSenha = 8B204B94EAF59A1A3BCE4FE65A3DB8C39C8BF0562B5227A13421875DF310C033
pEmail = irlan.2013@gmail.com
IDF = 69
pSexo = 1
pSkin = 4
pDinheiro = 500
pBanco = 0
pIdade = 0
pSegundosJogados = 252
pAvisos = 0
pCadeia = 0
pLastLogin = 11/11/2023 - 17:51
pInterior = 0
pPosX = 1556.04113769
pPosY = -2188.05419921
pPosZ = 13.54687500
pPosA = 11.66139793
pCamX = 1556.90991210
pCamY = -2192.40332031
pCamZ = 14.37010002
pCongelado = false
pCalado = false
pFome = 99
pSede = 99
pCoins = 0
pProfissao = 0
pOrg = 0
pCargo = 0
pProcurado = 0
pMultas = 0
pCasa = -1
pLevel = 0
pXP = 0
LicencaConduzir = 0
pNome = (null)
pNascimento = (null)
pPai = (null)
pMae = (null)
pRG = 0
pCarteiraT = 0
Pecas = 0
