pSenha = 2CD81CD5A3FFC5018D882BD88AF6E01CF30DB97EA214AEED104D07BAE92423C9
pEmail = juliogamerjk@gmail.com
IDF = 29
pSexo = 1
pSkin = 3
pDinheiro = 500
pBanco = 0
pIdade = 0
pSegundosJogados = 1602
pAvisos = 0
pCadeia = 0
pLastLogin = 11/11/2023 - 18:27
pInterior = 0
pPosX = 1619.63500976
pPosY = -2314.30664062
pPosZ = 13.55422973
pPosA = 199.23025512
pCamX = 1616.96154785
pCamY = -2308.65380859
pCamZ = 15.29080009
pCongelado = false
pCalado = false
pFome = 74
pSede = 74
pCoins = 0
pProfissao = 0
pOrg = 0
pCargo = 0
pProcurado = 0
pMultas = 0
pCasa = -1
pLevel = 0
pXP = 0
LicencaConduzir = 0
pNome = (null)
pNascimento = (null)
pPai = (null)
pMae = (null)
pRG = 0
pCarteiraT = 0
Pecas = 0
