pSenha = 2CD81CD5A3FFC5018D882BD88AF6E01CF30DB97EA214AEED104D07BAE92423C9
pEmail = juliogamerjk@gmail.com
IDF = 29
pSexo = 1
pSkin = 3
pDinheiro = 500
pBanco = 0
pIdade = 0
pSegundosJogados = 710
pAvisos = 0
pCadeia = 0
pLastLogin = 10/11/2023 - 17:12
pInterior = 0
pPosX = 1636.05578613
pPosY = -2267.75610351
pPosZ = 13.49580383
pPosA = 18.42974853
pCamX = 1637.13989257
pCamY = -2271.03027343
pCamZ = 14.69270038
pCongelado = false
pCalado = false
pFome = 88
pSede = 88
pCoins = 0
pProfissao = 0
pOrg = 0
pCargo = 0
pProcurado = 0
pMultas = 0
pCasa = -1
pLevel = 0
pXP = 0
LicencaConduzir = 0
pNome = (null)
pNascimento = (null)
pPai = (null)
pMae = (null)
pRG = 0
pCarteiraT = 0
Pecas = 0
