pSenha = B91EA4EAA775220D910BD99F7863ED5823A1605CF4CAE0BA040BFAE2EF43EAF7
pEmail = dikamax25@gmail.com
IDF = 36
pSexo = 1
pSkin = 124
pDinheiro = 500
pBanco = -476
pIdade = 0
pSegundosJogados = 764
pAvisos = 0
pCadeia = 0
pLastLogin = 10/11/2023 - 17:39
pInterior = 1
pPosX = -500.43487548
pPosY = 294.35513305
pPosZ = 2001.09497070
pPosA = 2.95995497
pCamX = -498.56890869
pCamY = 291.85461425
pCamZ = 2002.23596191
pCongelado = false
pCalado = false
pFome = 61
pSede = 58
pCoins = 0
pProfissao = 0
pOrg = 0
pCargo = 0
pProcurado = 0
pMultas = 4266
pCasa = -1
pLevel = 0
pXP = 0
LicencaConduzir = 0
pNome = eduardo max dos anjos santos
pNascimento = 25/5/2009
pPai = edvando dos anjos 
pMae = (null)
pRG = 0
pCarteiraT = 0
Pecas = 0
