pSenha = 82A1705E5398D4CC302654629A21CB4DFAC55F61E7F7F97A87CBEF410896FCD4
pEmail = nspaitaon@gmail.com
IDF = 10018
pSexo = 1
pSkin = 122
pDinheiro = 500
pBanco = 0
pIdade = 0
pSegundosJogados = 184
pAvisos = 0
pCadeia = 0
pAdmin = 0
pLastLogin = 01/10/2023 - 05:34
pInterior = 0
pPosX = -1994.56665039
pPosY = 239.79763793
pPosZ = 35.17187500
pPosA = 20.92511558
pCamX = -1994.97399902
pCamY = 237.92059326
pCamZ = 37.09619903
pCongelado = false
pCalado = false
pFome = 98
pSede = 98
pVIP = 0
pCoins = 0
pProfissao = 0
pOrg = 0
pCargo = 0
pProcurado = 0
pMultas = 0
pCasa = -1
pLevel = 0
pXP = 0
LicencaConduzir = 0
pNome = (null)
pNascimento = (null)
pPai = (null)
pMae = (null)
pRG = 0
pCarteiraT = 0
