pSenha = 6BB2C840AF31F5E587C8BE23B60686710B80845BFE2B48732BE7D85CDFBD787E
pEmail = edumodz@GMAIL.COM
IDF = 74
pSexo = 1
pSkin = 2
pDinheiro = 500
pBanco = 0
pIdade = 0
pSegundosJogados = 356
pAvisos = 0
pCadeia = 0
pLastLogin = 11/11/2023 - 18:27
pInterior = 0
pPosX = 1682.87744140
pPosY = -2326.51318359
pPosZ = 13.54687500
pPosA = 79.41707611
pCamX = 1681.74694824
pCamY = -2327.46850585
pCamZ = 14.08559989
pCongelado = false
pCalado = false
pFome = 91
pSede = 93
pCoins = 0
pProfissao = 0
pOrg = 0
pCargo = 0
pProcurado = 0
pMultas = 0
pCasa = -1
pLevel = 0
pXP = 0
LicencaConduzir = 0
pNome = (null)
pNascimento = (null)
pPai = (null)
pMae = (null)
pRG = 0
pCarteiraT = 0
Pecas = 0
