pSenha = 12A4BB016156339A11DC0CBC0359C192DA02C300B9BD7C939EA5BD411234B99B
pEmail = (null)
IDF = 40
pSexo = 0
pSkin = 0
pDinheiro = 0
pBanco = 0
pIdade = 0
pSegundosJogados = 0
pAvisos = 0
pCadeia = 0
pLastLogin = 0
pInterior = 0
pPosX = 0.00000000
pPosY = 0.00000000
pPosZ = 0.00000000
pPosA = 0.00000000
pCamX = 0.00000000
pCamY = 0.00000000
pCamZ = 0.00000000
pCongelado = false
pCalado = false
pFome = 0
pSede = 0
pCoins = 0
pProfissao = 0
pOrg = 0
pCargo = 0
pProcurado = 0
pMultas = 0
pCasa = -1
pLevel = 0
pXP = 0
LicencaConduzir = 0
pNome = (null)
pNascimento = (null)
pPai = (null)
pMae = (null)
pRG = 0
pCarteiraT = 0
Pecas = 0
