pSenha = C857285541F99F8425AA78A7B9D624E1F23B2250D21570CF5C4034018D8A3731
pEmail = pedroluqs@gmail.com
IDF = 10013
pSexo = 1
pSkin = 184
pDinheiro = 500
pBanco = 0
pIdade = 0
pSegundosJogados = 214
pAvisos = 0
pCadeia = 0
pAdmin = 0
pLastLogin = 30/09/2023 - 15:44
pInterior = 0
pPosX = -2701.69799804
pPosY = 1293.48815917
pPosZ = 6.53414487
pPosA = 201.46397399
pCamX = -2672.04467773
pCamY = 1294.54309082
pCamZ = 7.99049997
pCongelado = false
pCalado = false
pFome = 97
pSede = 98
pVIP = 0
pCoins = 0
pProfissao = 0
pOrg = 0
pCargo = 0
pProcurado = 0
pMultas = 0
pCasa = -1
pLevel = 0
pXP = 0
LicencaConduzir = 1
pNome = Mateus Bittencourt
pNascimento = 07/04/2000
pPai = Adrian bittencourt
pMae = Maria Fernanda
pRG = 0
pCarteiraT = 0
