pSenha = 30A2FE7F9438049CEBCF481119BB70778C22BC09EB55225ECE07D44A67D7BF04
pEmail = ERGJPRGJO@GMAIL.COM
IDF = 64
pSexo = 1
pSkin = 3
pDinheiro = 500
pBanco = 0
pIdade = 0
pSegundosJogados = 46
pAvisos = 0
pCadeia = 0
pLastLogin = 11/11/2023 - 17:05
pInterior = 0
pPosX = 1591.39538574
pPosY = -2073.34863281
pPosZ = 22.14208602
pPosA = 64.70106506
pCamX = 1588.99462890
pCamY = -2079.33959960
pCamZ = 22.92340087
pCongelado = false
pCalado = false
pFome = 100
pSede = 100
pCoins = 0
pProfissao = 0
pOrg = 0
pCargo = 0
pProcurado = 0
pMultas = 0
pCasa = -1
pLevel = 0
pXP = 0
LicencaConduzir = 0
pNome = (null)
pNascimento = (null)
pPai = (null)
pMae = (null)
pRG = 0
pCarteiraT = 0
Pecas = 0
