pSenha = E22291D0648972A1DF9D5157948FF616521EFF69156F23528B455774DAD2C444
pEmail = theusallen9@gmail.com
IDF = 10074
pSexo = 1
pSkin = 1
pDinheiro = 500
pBanco = 0
pIdade = 0
pSegundosJogados = 18
pAvisos = 0
pCadeia = 0
pAdmin = 0
pLastLogin = 17/10/2023 - 01:18
pInterior = 0
pPosX = -1974.35876464
pPosY = 138.11073303
pPosZ = 27.68750000
pPosA = 84.94421386
pCamX = -1971.20300292
pCamY = 136.79229736
pCamZ = 28.73719978
pCongelado = false
pCalado = false
pFome = 100
pSede = 100
pVIP = 0
pCoins = 0
pProfissao = 0
pOrg = 0
pCargo = 0
pProcurado = 0
pMultas = 0
pCasa = -1
pLevel = 0
pXP = 0
LicencaConduzir = 0
pNome = (null)
pNascimento = (null)
pPai = (null)
pMae = (null)
pRG = 0
pCarteiraT = 0
Pecas = 0
