pSenha = 41F25AF2C235DFFDC2CE386ED9857257ADA09E3499D516270F7B2EC46C422AF2
pEmail = gwallas244@gmail.com
IDF = 10082
pSexo = 1
pSkin = 5
pDinheiro = 500
pBanco = 0
pIdade = 0
pSegundosJogados = 780
pAvisos = 0
pCadeia = 0
pAdmin = 0
pLastLogin = 18/10/2023 - 22:58
pInterior = 0
pPosX = 50.00000000
pPosY = 50.00000000
pPosZ = 50.00000000
pPosA = 0.00000000
pCamX = 50.00000000
pCamY = 47.74259948
pCamZ = 45.73149871
pCongelado = false
pCalado = false
pFome = 94
pSede = 93
pVIP = 0
pCoins = 0
pProfissao = 0
pOrg = 0
pCargo = 0
pProcurado = 0
pMultas = 0
pCasa = -1
pLevel = 0
pXP = 0
LicencaConduzir = 0
pNome = (null)
pNascimento = (null)
pPai = (null)
pMae = (null)
pRG = 0
pCarteiraT = 0
Pecas = 0
