pSenha = 9774E3BFA6B221900813BAE020BFE63E140BD0CBC0C5F72708BA89E8B7822438
pEmail = (null)
IDF = 58
pSexo = 0
pSkin = 2
pDinheiro = 0
pBanco = 0
pIdade = 0
pSegundosJogados = 682
pAvisos = 0
pCadeia = 0
pLastLogin = 11/11/2023 - 18:06
pInterior = 0
pPosX = 1976.11975097
pPosY = 1175.15661621
pPosZ = 22.51857757
pPosA = 353.62725830
pCamX = 1975.55383300
pCamY = 1172.66625976
pCamZ = 22.04850006
pCongelado = false
pCalado = false
pFome = 0
pSede = 0
pCoins = 0
pProfissao = 0
pOrg = 0
pCargo = 0
pProcurado = 0
pMultas = 0
pCasa = -1
pLevel = 0
pXP = 0
LicencaConduzir = 0
pNome = PAULO PRINIO BEIRAMAR
pNascimento = 12/18/2000
pPai = ALEF PAULINHO
pMae = BIA 
pRG = 1
pCarteiraT = 1
Pecas = 0
