pSenha = 417436AFB31D793592441EA3120F93E8691F4E1F62BD991C6D6432F5A74820DD
pEmail = Guaxinim@gmail.com
IDF = 3
pSexo = 1
pSkin = 2
pDinheiro = 997500
pBanco = 0
pIdade = 0
pSegundosJogados = 1392
pAvisos = 0
pCadeia = 0
pLastLogin = 10/11/2023 - 19:59
pInterior = 0
pPosX = 1629.21765136
pPosY = -2320.54467773
pPosZ = 13.38281250
pPosA = 344.40631103
pCamX = 1627.25305175
pCamY = -2323.29370117
pCamZ = 14.18379974
pCongelado = false
pCalado = false
pFome = 98
pSede = 97
pCoins = 0
pProfissao = 0
pOrg = 0
pCargo = 0
pProcurado = 0
pMultas = 0
pCasa = -1
pLevel = 0
pXP = 0
LicencaConduzir = 0
pNome = GUAXINIM
pNascimento = 20/07/2007
pPai = Jos Roberto de Oliveira 
pMae = Maria Jos de Oliveira 
pRG = 1
pCarteiraT = 0
Pecas = 0
