pSenha = 417436AFB31D793592441EA3120F93E8691F4E1F62BD991C6D6432F5A74820DD
pEmail = Guaxinim@gmail.com
IDF = 3
pSexo = 1
pSkin = 1
pDinheiro = 997350
pBanco = 0
pIdade = 0
pSegundosJogados = 2026
pAvisos = 0
pCadeia = 0
pLastLogin = 11/11/2023 - 00:07
pInterior = 0
pPosX = 1858.53991699
pPosY = -1756.09887695
pPosZ = 13.38281250
pPosA = 253.20343017
pCamX = 1855.15942382
pCamY = -1755.46484375
pCamZ = 14.54590034
pCongelado = false
pCalado = false
pFome = 100
pSede = 100
pCoins = 0
pProfissao = 0
pOrg = 0
pCargo = 0
pProcurado = 0
pMultas = 0
pCasa = -1
pLevel = 0
pXP = 0
LicencaConduzir = 0
pNome = GUAXINIM
pNascimento = 20/07/2007
pPai = Jos Roberto de Oliveira 
pMae = Maria Jos de Oliveira 
pRG = 1
pCarteiraT = 0
Pecas = 0
