pSenha = ABCE354CC49EC3C9A071A13F524E8F74302B60BDCF6C0573A251DF0736A52821
pEmail = blackpanther162006@gmai
IDF = 10046
pSexo = 1
pSkin = 2
pDinheiro = 53
pBanco = 0
pIdade = 0
pSegundosJogados = 6948
pAvisos = 0
pCadeia = 0
pAdmin = 0
pLastLogin = 12/10/2023 - 19:21
pInterior = 0
pPosX = -2028.19567871
pPosY = -985.48754882
pPosZ = 32.22211456
pPosA = 295.05792236
pCamX = -2030.47436523
pCamY = -988.04467773
pCamZ = 32.50059890
pCongelado = false
pCalado = false
pFome = 56
pSede = 45
pVIP = 0
pCoins = 0
pProfissao = 0
pOrg = 1
pCargo = 3
pProcurado = 0
pMultas = 0
pCasa = -1
pLevel = 0
pXP = 0
LicencaConduzir = 0
pNome = Henrique Ferreira Lima
pNascimento = 16/03/1993
pPai = Joao Campos Ferreira
pMae = Leticia Nogueira Lima
pRG = 1
pCarteiraT = 0
Pecas = 0
