pSenha = 3D66D9201EE3240AD42AF47750C09D32F443E9EDD0B17DD66161E5F9496516B8
pEmail = samp@gmail.com
IDF = 10006
pSexo = 1
pSkin = 10
pDinheiro = 382
pBanco = -29731
pIdade = 0
pSegundosJogados = 68342
pAvisos = 0
pCadeia = 0
pAdmin = 6
pLastLogin = 14/10/2023 - 00:55
pInterior = 0
pPosX = -1972.10046386
pPosY = 137.95350646
pPosZ = 27.68750000
pPosA = 0.00000000
pCamX = 50.00000000
pCamY = 50.00000000
pCamZ = 50.00000000
pCongelado = true
pCalado = false
pFome = 0
pSede = 0
pVIP = 1
pCoins = 0
pProfissao = 0
pOrg = 0
pCargo = 0
pProcurado = 0
pMultas = 30167
pCasa = -1
pLevel = 0
pXP = 0
LicencaConduzir = 0
pNome = Hernandez Ramos Luxemburgo
pNascimento = 11/01/1990
pPai = Rogerio Luxemburgo 
pMae = Cecilia Ramos
pRG = 1
pCarteiraT = 0
Pecas = 0
