pSenha = 3D66D9201EE3240AD42AF47750C09D32F443E9EDD0B17DD66161E5F9496516B8
pEmail = samp@gmail.com
IDF = 10071
pSexo = 1
pSkin = 1
pDinheiro = 500
pBanco = 0
pIdade = 0
pSegundosJogados = 1746
pAvisos = 0
pCadeia = 0
pAdmin = 6
pLastLogin = 18/10/2023 - 16:22
pInterior = 0
pPosX = -2357.77758789
pPosY = 40.25874328
pPosZ = 34.38944244
pPosA = 151.00830078
pCamX = -2360.91601562
pCamY = 36.56539916
pCamZ = 36.41619873
pCongelado = false
pCalado = false
pFome = 93
pSede = 94
pVIP = 0
pCoins = 1000
pProfissao = 0
pOrg = 0
pCargo = 0
pProcurado = 0
pMultas = 0
pCasa = -1
pLevel = 0
pXP = 0
LicencaConduzir = 0
pNome = (null)
pNascimento = (null)
pPai = (null)
pMae = (null)
pRG = 0
pCarteiraT = 0
Pecas = 0
