pSenha = 05DBF2C18422E4E9680E5A5606B96ABC76EB056673B71B84E4A3FAA198129CC7
pEmail = gabrielapimenta333@gmai
IDF = 68
pSexo = 2
pSkin = 9
pDinheiro = 500
pBanco = 0
pIdade = 0
pSegundosJogados = 770
pAvisos = 0
pCadeia = 0
pLastLogin = 11/11/2023 - 17:59
pInterior = 1
pPosX = -500.19573974
pPosY = 292.42361450
pPosZ = 2001.09497070
pPosA = 17.40941810
pCamX = -500.92929077
pCamY = 291.08169555
pCamZ = 2002.11120605
pCongelado = false
pCalado = false
pFome = 87
pSede = 91
pCoins = 0
pProfissao = 0
pOrg = 0
pCargo = 0
pProcurado = 0
pMultas = 0
pCasa = -1
pLevel = 0
pXP = 0
LicencaConduzir = 0
pNome = (null)
pNascimento = (null)
pPai = (null)
pMae = (null)
pRG = 0
pCarteiraT = 0
Pecas = 0
