pSenha = A03D0ED35B47CD797D79C6420DE1D74C1F8EC9CEFD36C41BA482C54408C76222
pEmail = hv20074@gmail.com
IDF = 33
pSexo = 1
pSkin = 19
pDinheiro = 500
pBanco = 0
pIdade = 0
pSegundosJogados = 204
pAvisos = 0
pCadeia = 0
pLastLogin = 10/11/2023 - 17:29
pInterior = 1
pPosX = -501.02209472
pPosY = 294.35519409
pPosZ = 2001.09497070
pPosA = 153.47767639
pCamX = -501.20388793
pCamY = 298.56921386
pCamZ = 2002.75720214
pCongelado = false
pCalado = false
pFome = 92
pSede = 88
pCoins = 0
pProfissao = 0
pOrg = 0
pCargo = 0
pProcurado = 0
pMultas = 0
pCasa = -1
pLevel = 0
pXP = 0
LicencaConduzir = 0
pNome = JACINTO LEITE AQUINO REGO
pNascimento = 26/12/1995
pPai = ningum 
pMae = MAIOR MAE DO MUNDO 
pRG = 1
pCarteiraT = 0
Pecas = 0
