pSenha = 13E564AE364E275BE3941A3134B36A6A5CCA4EF6159AA1F4B23E3B438519D1DC
pEmail = nsrobert8@gmail.com
IDF = 31
pSexo = 1
pSkin = 1
pDinheiro = 500
pBanco = 0
pIdade = 0
pSegundosJogados = 26
pAvisos = 0
pCadeia = 0
pLastLogin = 10/11/2023 - 17:10
pInterior = 0
pPosX = 50.00000000
pPosY = 50.00000000
pPosZ = 50.00000000
pPosA = 0.00000000
pCamX = 50.00000000
pCamY = 50.00000000
pCamZ = 50.00000000
pCongelado = false
pCalado = false
pFome = 100
pSede = 100
pCoins = 0
pProfissao = 0
pOrg = 0
pCargo = 0
pProcurado = 0
pMultas = 0
pCasa = -1
pLevel = 0
pXP = 0
LicencaConduzir = 0
pNome = (null)
pNascimento = (null)
pPai = (null)
pMae = (null)
pRG = 0
pCarteiraT = 0
Pecas = 0
