pSenha = 13E564AE364E275BE3941A3134B36A6A5CCA4EF6159AA1F4B23E3B438519D1DC
pEmail = penaldsiuueu@gmail.com
IDF = 77
pSexo = 1
pSkin = 2
pDinheiro = 500
pBanco = 0
pIdade = 0
pSegundosJogados = 106
pAvisos = 0
pCadeia = 0
pLastLogin = 11/11/2023 - 18:48
pInterior = 0
pPosX = 1682.97363281
pPosY = -2312.34838867
pPosZ = 13.54687500
pPosA = 99.10318756
pCamX = 1686.40856933
pCamY = -2311.79809570
pCamZ = 14.53349971
pCongelado = false
pCalado = false
pFome = 100
pSede = 100
pCoins = 0
pProfissao = 0
pOrg = 0
pCargo = 0
pProcurado = 0
pMultas = 0
pCasa = -1
pLevel = 0
pXP = 0
LicencaConduzir = 0
pNome = (null)
pNascimento = (null)
pPai = (null)
pMae = (null)
pRG = 0
pCarteiraT = 1
Pecas = 0
