pSenha = E22291D0648972A1DF9D5157948FF616521EFF69156F23528B455774DAD2C444
pEmail = theusallen9@gmail.com
IDF = 48
pSexo = 1
pSkin = 2
pDinheiro = 500
pBanco = 0
pIdade = 0
pSegundosJogados = 48
pAvisos = 0
pCadeia = 0
pLastLogin = 10/11/2023 - 19:57
pInterior = 0
pPosX = 1683.24633789
pPosY = -2311.96972656
pPosZ = 13.54687500
pPosA = 44.67798614
pCamX = 1686.42395019
pCamY = -2312.50488281
pCamZ = 15.46160030
pCongelado = false
pCalado = false
pFome = 100
pSede = 100
pCoins = 0
pProfissao = 0
pOrg = 0
pCargo = 0
pProcurado = 0
pMultas = 0
pCasa = -1
pLevel = 0
pXP = 0
LicencaConduzir = 0
pNome = (null)
pNascimento = (null)
pPai = (null)
pMae = (null)
pRG = 0
pCarteiraT = 0
Pecas = 0
