pSenha = 55CBA6BE5ED3E7CDFC651D6BA37E099E62CB269B623F90C4CE8392E4152C8035
pEmail = lucaslavezdasilva@gmail
IDF = 12
pSexo = 1
pSkin = 30
pDinheiro = 50500
pBanco = 0
pIdade = 0
pSegundosJogados = 2080
pAvisos = 0
pCadeia = 0
pLastLogin = 10/11/2023 - 16:22
pInterior = 0
pPosX = 413.03976440
pPosY = 2456.64038085
pPosZ = 16.50000000
pPosA = 278.61770629
pCamX = 415.55630493
pCamY = 2457.02172851
pCamZ = 17.58469963
pCongelado = false
pCalado = false
pFome = 91
pSede = 89
pCoins = 0
pProfissao = 0
pOrg = 0
pCargo = 0
pProcurado = 0
pMultas = 0
pCasa = -1
pLevel = 0
pXP = 0
LicencaConduzir = 0
pNome = (null)
pNascimento = (null)
pPai = (null)
pMae = (null)
pRG = 1
pCarteiraT = 0
Pecas = 0
