pSenha = B0FEE369DF38515734CF420A5818162E4CE8FD842BC906B85A338A2DDA043C7B
pEmail = jhonatanchagas013@gmail
IDF = 46
pSexo = 1
pSkin = 28
pDinheiro = 200
pBanco = 0
pIdade = 0
pSegundosJogados = 328
pAvisos = 0
pCadeia = 0
pLastLogin = 10/11/2023 - 19:38
pInterior = 0
pPosX = 161.51557922
pPosY = -1933.42016601
pPosZ = 3.77343750
pPosA = 0.08622922
pCamX = 161.75999450
pCamY = -1936.86914062
pCamZ = 4.67390012
pCongelado = false
pCalado = false
pFome = 96
pSede = 98
pCoins = 0
pProfissao = 1
pOrg = 0
pCargo = 0
pProcurado = 0
pMultas = 0
pCasa = -1
pLevel = 0
pXP = 0
LicencaConduzir = 0
pNome = James Chenny 
pNascimento = 14/11/1998
pPai = Percy Chenny
pMae = Athena Chenny
pRG = 1
pCarteiraT = 0
Pecas = 0
