pSenha = 9D4B7892CA11295BDBD0AB66FE4A38E86843641B3546757903CE4F76795B1BBF
pEmail = jardesonsousa071@gmail.
IDF = 10036
pSexo = 1
pSkin = 21
pDinheiro = 500
pBanco = 0
pIdade = 0
pSegundosJogados = 56
pAvisos = 0
pCadeia = 0
pAdmin = 0
pLastLogin = 02/10/2023 - 23:33
pInterior = 0
pPosX = -1992.43103027
pPosY = 138.47973632
pPosZ = 27.15086555
pPosA = 97.75276184
pCamX = -1989.60278320
pCamY = 141.54200744
pCamZ = 31.35930061
pCongelado = false
pCalado = false
pFome = 100
pSede = 100
pVIP = 0
pCoins = 0
pProfissao = 0
pOrg = 0
pCargo = 0
pProcurado = 0
pMultas = 0
pCasa = -1
pLevel = 0
pXP = 0
LicencaConduzir = 0
pNome = (null)
pNascimento = (null)
pPai = (null)
pMae = (null)
pRG = 0
pCarteiraT = 0
