pSenha = C9529BD2AAC0F04A09197E7F3DC53CB6EADD4A15EE17C870C15625D9CCF07399
pEmail = zorosola171@gmail.com
IDF = 10038
pSexo = 1
pSkin = 1
pDinheiro = 500
pBanco = 0
pIdade = 0
pSegundosJogados = 668
pAvisos = 0
pCadeia = 0
pAdmin = 0
pLastLogin = 03/10/2023 - 11:24
pInterior = 0
pPosX = -2441.39965820
pPosY = 519.11596679
pPosZ = 29.50849151
pPosA = 199.60823059
pCamX = -2445.58911132
pCamY = 518.76440429
pCamZ = 32.24980163
pCongelado = false
pCalado = false
pFome = 86
pSede = 84
pVIP = 0
pCoins = 0
pProfissao = 0
pOrg = 0
pCargo = 0
pProcurado = 0
pMultas = 0
pCasa = -1
pLevel = 0
pXP = 0
LicencaConduzir = 0
pNome = Jonas Davysson Pereira Lamenhas
pNascimento = 08/01/2010
pPai = Jose Williams]
pMae = Maria Soraya
pRG = 1
pCarteiraT = 0
