pSenha = 8D9807422C3CFD32E13AFFE9D410D8ED0EB9A9FB516677C00E8568FDC53F1817
pEmail = JorgematheusJorge@gmail
IDF = 10060
pSexo = 1
pSkin = 2
pDinheiro = 500
pBanco = 0
pIdade = 0
pSegundosJogados = 826
pAvisos = 0
pCadeia = 0
pAdmin = 0
pLastLogin = 09/10/2023 - 20:28
pInterior = 0
pPosX = -1992.08630371
pPosY = 139.88706970
pPosZ = 27.53906250
pPosA = 82.96783447
pCamX = -1988.61999511
pCamY = 140.15229797
pCamZ = 28.36000061
pCongelado = false
pCalado = false
pFome = -6
pSede = -7
pVIP = 0
pCoins = 0
pProfissao = 0
pOrg = 0
pCargo = 0
pProcurado = 0
pMultas = 0
pCasa = -1
pLevel = 0
pXP = 0
LicencaConduzir = 0
pNome = (null)
pNascimento = (null)
pPai = (null)
pMae = (null)
pRG = 0
pCarteiraT = 0
