pSenha = 4027CC65F04F9F9D5BB7CEA8502CD94919D0F883A40F0464992AEC877332D884
pEmail = (null)
IDF = 10064
pSexo = 0
pSkin = 0
pDinheiro = 0
pBanco = 0
pIdade = 0
pSegundosJogados = 1058
pAvisos = 0
pCadeia = 0
pAdmin = 0
pLastLogin = 12/10/2023 - 13:10
pInterior = 0
pPosX = -1973.92736816
pPosY = 137.83750915
pPosZ = 27.68750000
pPosA = 338.82775878
pCamX = -1971.02856445
pCamY = 136.89819335
pCamZ = 29.36829948
pCongelado = false
pCalado = false
pFome = 0
pSede = 0
pVIP = 0
pCoins = 0
pProfissao = 0
pOrg = 0
pCargo = 0
pProcurado = 0
pMultas = 0
pCasa = -1
pLevel = 0
pXP = 0
LicencaConduzir = 0
pNome = Jose_Viedman
pNascimento = 18/06/2000
pPai = Arnulfo_Alvarez
pMae = yolimar_Viedman
pRG = 1
pCarteiraT = 0
Pecas = 0
