pSenha = EF06FD23C94CB62C95B51BC49D4380143707F8244D364BEC0DD3A7E723292294
pEmail = (null)
IDF = 15
pSexo = 0
pSkin = 0
pDinheiro = 0
pBanco = 0
pIdade = 0
pSegundosJogados = 220
pAvisos = 0
pCadeia = 0
pLastLogin = 11/11/2023 - 00:00
pInterior = 0
pPosX = 1678.57946777
pPosY = -2313.51953125
pPosZ = 13.54687500
pPosA = 104.42579650
pCamX = 1675.20898437
pCamY = -2312.95678710
pCamZ = 14.55039978
pCongelado = false
pCalado = false
pFome = 0
pSede = 0
pCoins = 0
pProfissao = 0
pOrg = 0
pCargo = 0
pProcurado = 0
pMultas = 0
pCasa = -1
pLevel = 0
pXP = 0
LicencaConduzir = 0
pNome = (null)
pNascimento = (null)
pPai = (null)
pMae = (null)
pRG = 0
pCarteiraT = 0
Pecas = 0
