pSenha = 377D15D0491DC2246CD0291433049370AAAC12D9E29914B55A1A12E6B4E42FF3
pEmail = jc2948412@gmail.com
IDF = 10009
pSexo = 1
pSkin = 10
pDinheiro = 500
pBanco = 0
pIdade = 0
pSegundosJogados = 132
pAvisos = 0
pCadeia = 0
pAdmin = 0
pLastLogin = 30/09/2023 - 11:22
pInterior = 0
pPosX = -2754.39306640
pPosY = 1280.77978515
pPosZ = 6.13206005
pPosA = 147.48377990
pCamX = -2750.48681640
pCamY = 1284.41735839
pCamZ = 7.65689992
pCongelado = false
pCalado = false
pFome = 100
pSede = 100
pVIP = 0
pCoins = 0
pProfissao = 0
pOrg = 0
pCargo = 0
pProcurado = 0
pMultas = 0
pCasa = -1
pLevel = 0
pXP = 0
LicencaConduzir = 1
pNome = Mateus Bittencourt
pNascimento = 07/04/2000
pPai = Adrian bittencourt
pMae = Maria Fernanda
pRG = 0
pCarteiraT = 0
