pSenha = C9495CE6AD54E075F783CBAA1E4E4A03EFCDC5872805516F5025116B0A3D496F
pEmail = nevesroyals@gmail.com
IDF = 60
pSexo = 1
pSkin = 104
pDinheiro = 500
pBanco = 0
pIdade = 0
pSegundosJogados = 1748
pAvisos = 0
pCadeia = 0
pLastLogin = 11/11/2023 - 17:44
pInterior = 0
pPosX = 1468.15087890
pPosY = -1747.89050292
pPosZ = 15.44531250
pPosA = 197.32472229
pCamX = 1471.62145996
pCamY = -1747.94262695
pCamZ = 15.97080039
pCongelado = false
pCalado = false
pFome = 80
pSede = 83
pCoins = 0
pProfissao = 0
pOrg = 0
pCargo = 0
pProcurado = 0
pMultas = 0
pCasa = -1
pLevel = 0
pXP = 0
LicencaConduzir = 0
pNome = (null)
pNascimento = (null)
pPai = (null)
pMae = (null)
pRG = 0
pCarteiraT = 0
Pecas = 0
