pSenha = E70EF839E25DE71E3A4BC2A13286556BE627DBDC9D2A6410D3596AF8CB432FD5
pEmail = kaiow9874@gmail.com
IDF = 6
pSexo = 1
pSkin = 7
pDinheiro = 1186
pBanco = 0
pIdade = 0
pSegundosJogados = 1226
pAvisos = 0
pCadeia = 0
pLastLogin = 10/11/2023 - 15:53
pInterior = 0
pPosX = 27.25659370
pPosY = 1350.72985839
pPosZ = 9.17187500
pPosA = 101.09368896
pCamX = 30.51709938
pCamY = 1351.23254394
pCamZ = 9.86909961
pCongelado = false
pCalado = false
pFome = 85
pSede = 89
pCoins = 0
pProfissao = 6
pOrg = 0
pCargo = 0
pProcurado = 0
pMultas = 1561
pCasa = -1
pLevel = 0
pXP = 0
LicencaConduzir = 0
pNome = Kaio Rodrigues
pNascimento = 26/03/2005
pPai = Antnio Cavalcante
pMae = Ana Paula 
pRG = 1
pCarteiraT = 0
Pecas = 0
