pSenha = 70E2020AD320A85FDA13DD5F76000ACAD5A0E353AAFB171916547B77239FB7B7
pEmail = kaiquepires999@gmail.co
IDF = 10078
pSexo = 1
pSkin = 7
pDinheiro = 500
pBanco = 0
pIdade = 0
pSegundosJogados = 70
pAvisos = 0
pCadeia = 0
pAdmin = 0
pLastLogin = 18/10/2023 - 17:55
pInterior = 0
pPosX = -2000.42041015
pPosY = 129.07452392
pPosZ = 27.28411865
pPosA = 105.25823211
pCamX = -2000.64196777
pCamY = 132.08799743
pCamZ = 32.53990173
pCongelado = false
pCalado = false
pFome = 100
pSede = 100
pVIP = 0
pCoins = 1000
pProfissao = 0
pOrg = 0
pCargo = 0
pProcurado = 0
pMultas = 0
pCasa = -1
pLevel = 0
pXP = 0
LicencaConduzir = 0
pNome = (null)
pNascimento = (null)
pPai = (null)
pMae = (null)
pRG = 0
pCarteiraT = 0
Pecas = 0
