pSenha = 2D0D5B09B75F1C056C89FF43ECDD8BCC2FE2D325943D65217C99BC4CFAD41A00
pEmail = pkalebyperera@gmail.com
IDF = 30
pSexo = 1
pSkin = 10
pDinheiro = 500
pBanco = 0
pIdade = 0
pSegundosJogados = 94
pAvisos = 0
pCadeia = 0
pLastLogin = 10/11/2023 - 17:00
pInterior = 0
pPosX = 1133.05041503
pPosY = -2038.40344238
pPosZ = 69.07748413
pPosA = 91.32306671
pCamX = 1981.03894042
pCamY = 1191.06140136
pCamZ = 27.82825851
pCongelado = false
pCalado = false
pFome = 99
pSede = 98
pCoins = 0
pProfissao = 0
pOrg = 0
pCargo = 0
pProcurado = 0
pMultas = 0
pCasa = -1
pLevel = 0
pXP = 0
LicencaConduzir = 0
pNome = (null)
pNascimento = (null)
pPai = (null)
pMae = (null)
pRG = 0
pCarteiraT = 0
Pecas = 0
