pSenha = 0D5946FD2FAC9FB80CD14B9DD06B7B7A0F90F71FF69BD6D029BBD164FADE62E4
pEmail = kalangofrt@gmail.com
IDF = 43
pSexo = 1
pSkin = 220
pDinheiro = 500
pBanco = 0
pIdade = 0
pSegundosJogados = 150
pAvisos = 0
pCadeia = 0
pLastLogin = 10/11/2023 - 18:42
pInterior = 0
pPosX = 1415.05334472
pPosY = -1734.58630371
pPosZ = 12.99226856
pPosA = 11.78428554
pCamX = 1426.44018554
pCamY = -1734.50305175
pCamZ = 14.44699954
pCongelado = false
pCalado = false
pFome = 100
pSede = 100
pCoins = 0
pProfissao = 0
pOrg = 0
pCargo = 0
pProcurado = 0
pMultas = 0
pCasa = -1
pLevel = 0
pXP = 0
LicencaConduzir = 0
pNome = (null)
pNascimento = (null)
pPai = (null)
pMae = (null)
pRG = 0
pCarteiraT = 0
Pecas = 0
