pSenha = 978E51AEBA9AC2A2E135CCE42AE648916B8A5644EFB6C708457DCB268A321E39
pEmail = josisw133@gmail.com
IDF = 67
pSexo = 1
pSkin = 11
pDinheiro = 500
pBanco = 0
pIdade = 0
pSegundosJogados = 122
pAvisos = 0
pCadeia = 0
pLastLogin = 11/11/2023 - 17:43
pInterior = 0
pPosX = 1953.07543945
pPosY = 884.13159179
pPosZ = 10.82031250
pPosA = 289.22836303
pCamX = 1950.42822265
pCamY = 881.72467041
pCamZ = 11.33469963
pCongelado = false
pCalado = false
pFome = 100
pSede = 100
pCoins = 0
pProfissao = 0
pOrg = 0
pCargo = 0
pProcurado = 0
pMultas = 0
pCasa = -1
pLevel = 0
pXP = 0
LicencaConduzir = 0
pNome = (null)
pNascimento = (null)
pPai = (null)
pMae = (null)
pRG = 0
pCarteiraT = 0
Pecas = 0
