pSenha = 978E51AEBA9AC2A2E135CCE42AE648916B8A5644EFB6C708457DCB268A321E39
pEmail = (null)
IDF = 61
pSexo = 0
pSkin = 0
pDinheiro = 0
pBanco = 0
pIdade = 0
pSegundosJogados = 1196
pAvisos = 0
pCadeia = 0
pLastLogin = 11/11/2023 - 17:15
pInterior = 0
pPosX = 1032.02624511
pPosY = -1629.46569824
pPosZ = 13.14367485
pPosA = 192.07225036
pCamX = 1033.36584472
pCamY = -1639.34313964
pCamZ = 14.56149959
pCongelado = false
pCalado = false
pFome = 0
pSede = 0
pCoins = 0
pProfissao = 1
pOrg = 0
pCargo = 0
pProcurado = 0
pMultas = 0
pCasa = -1
pLevel = 0
pXP = 0
LicencaConduzir = 0
pNome = JOTACEZADA
pNascimento = 15102000
pPai = RED BERAMAR
pMae = JESSE
pRG = 1
pCarteiraT = 0
Pecas = 0
