pSenha = 63382AF5DB1A81078DF9EDBFCF80CE5F152672B9F92151712B18409C0188E5E1
pEmail = kairomodesto3@gmail.com
IDF = 39
pSexo = 1
pSkin = 2
pDinheiro = 0
pBanco = 0
pIdade = 0
pSegundosJogados = 1052
pAvisos = 0
pCadeia = 0
pLastLogin = 10/11/2023 - 18:37
pInterior = 0
pPosX = 50.00000000
pPosY = 50.00000000
pPosZ = 18.80120086
pPosA = 320.11148071
pCamX = 47.90000152
pCamY = 47.28120040
pCamZ = 20.02000045
pCongelado = false
pCalado = false
pFome = 100
pSede = 100
pCoins = 0
pProfissao = 5
pOrg = 0
pCargo = 0
pProcurado = 0
pMultas = 7311
pCasa = -1
pLevel = 0
pXP = 0
LicencaConduzir = 0
pNome = Kr Real Xiter
pNascimento = 01/01/2005
pPai = Xitadin
pMae = Aimbot
pRG = 1
pCarteiraT = 0
Pecas = 0
