pSenha = FCCD66DE5A927E25552B1712BC63056B3D0158911150C9EE51BDDD5D9CF505C1
pEmail = daakxxffandradesilva@gm
IDF = 10017
pSexo = 1
pSkin = 5
pDinheiro = 500
pBanco = 0
pIdade = 0
pSegundosJogados = 48
pAvisos = 0
pCadeia = 0
pAdmin = 0
pLastLogin = 01/10/2023 - 00:04
pInterior = 0
pPosX = -1992.43090820
pPosY = 138.47973632
pPosZ = 27.15243721
pPosA = 2.06999206
pCamX = -1988.40637207
pCamY = 136.28829956
pCamZ = 30.78050041
pCongelado = false
pCalado = false
pFome = 100
pSede = 100
pVIP = 0
pCoins = 0
pProfissao = 0
pOrg = 0
pCargo = 0
pProcurado = 0
pMultas = 0
pCasa = -1
pLevel = 0
pXP = 0
LicencaConduzir = 0
pNome = (null)
pNascimento = (null)
pPai = (null)
pMae = (null)
pRG = 0
pCarteiraT = 0
