pSenha = 1F3F663555E7240F5B143387C0BC8D24EC107EA30C34A2D7A686E7E5945F6E79
pEmail = kaio76043@gmail.com
IDF = 10067
pSexo = 1
pSkin = 2
pDinheiro = 500
pBanco = 0
pIdade = 0
pSegundosJogados = 208
pAvisos = 0
pCadeia = 0
pAdmin = 0
pLastLogin = 13/10/2023 - 04:28
pInterior = 0
pPosX = -2061.58447265
pPosY = -70.95059967
pPosZ = 34.79217147
pPosA = 89.99834442
pCamX = -2055.83789062
pCamY = -70.46269989
pCamZ = 36.86220169
pCongelado = false
pCalado = false
pFome = 93
pSede = 94
pVIP = 0
pCoins = 0
pProfissao = 0
pOrg = 0
pCargo = 0
pProcurado = 0
pMultas = 0
pCasa = -1
pLevel = 0
pXP = 0
LicencaConduzir = 0
pNome = (null)
pNascimento = (null)
pPai = (null)
pMae = (null)
pRG = 0
pCarteiraT = 0
Pecas = 0
