pSenha = 76E12B06D0D21B66421D716160B4E0E40E17AEE701B71DA95E00388B3955BEF6
pEmail = (null)
IDF = 10040
pSexo = 0
pSkin = 0
pDinheiro = 0
pBanco = 0
pIdade = 0
pSegundosJogados = 20
pAvisos = 0
pCadeia = 0
pAdmin = 0
pLastLogin = 03/10/2023 - 12:52
pInterior = 0
pPosX = -2.65828680
pPosY = -1.42931270
pPosZ = 3.11718750
pPosA = 119.79579925
pCamX = 0.43610000
pCamY = 0.07599999
pCamZ = 4.24779987
pCongelado = false
pCalado = false
pFome = 0
pSede = 0
pVIP = 0
pCoins = 0
pProfissao = 0
pOrg = 0
pCargo = 0
pProcurado = 0
pMultas = 0
pCasa = -1
pLevel = 0
pXP = 0
LicencaConduzir = 0
pNome = (null)
pNascimento = (null)
pPai = (null)
pMae = (null)
pRG = 0
pCarteiraT = 0
