pSenha = 7B3E8248DA5FBCDA1731F59F2D6228CE4FC0646D53F1C6178AF66C73E5C048A1
pEmail = nettinhog1br@gmail.com
IDF = 54
pSexo = 1
pSkin = 2
pDinheiro = 500
pBanco = 0
pIdade = 0
pSegundosJogados = 668
pAvisos = 0
pCadeia = 0
pLastLogin = 11/11/2023 - 01:17
pInterior = 0
pPosX = 1119.26135253
pPosY = -1700.88610839
pPosZ = 13.55300712
pPosA = 303.57839965
pCamX = 1113.54394531
pCamY = -1704.68139648
pCamZ = 15.19340038
pCongelado = false
pCalado = false
pFome = 94
pSede = 93
pCoins = 0
pProfissao = 0
pOrg = 0
pCargo = 0
pProcurado = 0
pMultas = 0
pCasa = -1
pLevel = 0
pXP = 0
LicencaConduzir = 0
pNome = Cylenda Ns Fnx
pNascimento = 20042002
pPai = Boytralha fnx
pMae = Cybelly Ns
pRG = 1
pCarteiraT = 1
Pecas = 0
