pSenha = 9ED681F16B373F8C1173D84DC25919AD88B40526D52468D197EC9FBCC6BBF59C
pEmail = leooziin75@gmail.com
IDF = 10
pSexo = 1
pSkin = 21
pDinheiro = 500
pBanco = 0
pIdade = 0
pSegundosJogados = 1750
pAvisos = 0
pCadeia = 0
pLastLogin = 11/11/2023 - 19:30
pInterior = 0
pPosX = 1684.74340820
pPosY = -2327.43725585
pPosZ = 13.54687500
pPosA = 18.07458686
pCamX = 1685.62341308
pCamY = -2333.37353515
pCamZ = 14.44480037
pCongelado = false
pCalado = false
pFome = 78
pSede = 77
pCoins = 0
pProfissao = 0
pOrg = 0
pCargo = 0
pProcurado = 0
pMultas = 0
pCasa = -1
pLevel = 0
pXP = 0
LicencaConduzir = 0
pNome = Leonardo Reis de Souza
pNascimento = 25/03/1999
pPai = Luciano Rodrigues de Souza 
pMae = Regiane Brasil Reis
pRG = 1
pCarteiraT = 1
Pecas = 0
