pSenha = 9ED681F16B373F8C1173D84DC25919AD88B40526D52468D197EC9FBCC6BBF59C
pEmail = leooziin75@gmail.com
IDF = 10
pSexo = 1
pSkin = 21
pDinheiro = 500
pBanco = 0
pIdade = 0
pSegundosJogados = 1178
pAvisos = 0
pCadeia = 0
pLastLogin = 10/11/2023 - 16:41
pInterior = 0
pPosX = 1684.81347656
pPosY = -2313.99658203
pPosZ = 13.54687500
pPosA = 0.01978233
pCamX = 1685.05383300
pCamY = -2317.36206054
pCamZ = 14.18029975
pCongelado = false
pCalado = false
pFome = 87
pSede = 85
pCoins = 0
pProfissao = 0
pOrg = 0
pCargo = 0
pProcurado = 0
pMultas = 0
pCasa = -1
pLevel = 0
pXP = 0
LicencaConduzir = 0
pNome = Leonardo Reis de Souza
pNascimento = 25/03/1999
pPai = Luciano Rodrigues de Souza 
pMae = Regiane Brasil Reis
pRG = 1
pCarteiraT = 0
Pecas = 0
