pSenha = A4801B9D393083749AF516F75C4057420E8148D5141FEE92EE23181A915DA3E1
pEmail = mateuslomas007@gmail.co
IDF = 52
pSexo = 1
pSkin = 29
pDinheiro = 500
pBanco = 0
pIdade = 0
pSegundosJogados = 0
pAvisos = 0
pCadeia = 0
pLastLogin = 10/11/2023 - 20:33
pInterior = 0
pPosX = 1981.03894042
pPosY = 1191.06140136
pPosZ = 27.82825851
pPosA = 0.00000000
pCamX = 1981.03894042
pCamY = 1191.06140136
pCamZ = 27.82825851
pCongelado = false
pCalado = false
pFome = 100
pSede = 100
pCoins = 0
pProfissao = 0
pOrg = 0
pCargo = 0
pProcurado = 0
pMultas = 0
pCasa = -1
pLevel = 0
pXP = 0
LicencaConduzir = 0
pNome = (null)
pNascimento = (null)
pPai = (null)
pMae = (null)
pRG = 0
pCarteiraT = 0
Pecas = 0
