pSenha = F4640F42712538E25B5C333107E299979DCB29F2EBDF1D4898C870E472BBD6AB
pEmail = diegobento272009@gmail.
IDF = 42
pSexo = 1
pSkin = 114
pDinheiro = 500
pBanco = 0
pIdade = 0
pSegundosJogados = 142
pAvisos = 0
pCadeia = 0
pLastLogin = 10/11/2023 - 18:39
pInterior = 0
pPosX = 1348.28271484
pPosY = -1732.23718261
pPosZ = 13.38281250
pPosA = 301.89752197
pCamX = 1344.49072265
pCamY = -1734.58154296
pCamZ = 15.33889961
pCongelado = false
pCalado = false
pFome = 98
pSede = 99
pCoins = 0
pProfissao = 0
pOrg = 0
pCargo = 0
pProcurado = 0
pMultas = 0
pCasa = -1
pLevel = 0
pXP = 0
LicencaConduzir = 0
pNome = Lima Rodrigues
pNascimento = 27/3/1995
pPai = (null)
pMae = (null)
pRG = 0
pCarteiraT = 0
Pecas = 0
