pSenha = 35D22E31986F0D463D275B5ACBB14046EB0E3A01F98A7C829EF9E0435171DCCA
pEmail = (null)
IDF = 1
pSexo = 1
pSkin = 121
pDinheiro = 1915
pBanco = 28651
pIdade = 0
pSegundosJogados = 9140
pAvisos = 0
pCadeia = 0
pAdmin = 7
pLastLogin = 24/09/2023 - 03:29
pInterior = 0
pPosX = -1728.68444824
pPosY = 1349.54724121
pPosZ = 7.04684257
pPosA = 185.57661437
pCamX = -1728.08557128
pCamY = 1346.59228515
pCamZ = 7.89410018
pCongelado = false
pCalado = false
pFome = 48
pSede = 31
pVIP = 3
pCoins = 8000
pProfissao = 0
pOrg = 0
pCargo = 0
pProcurado = 0
pMultas = 0
pCasa = -1
pLevel = 3
pXP = 100
LicencaConduzir = 1
