pSenha = 35D22E31986F0D463D275B5ACBB14046EB0E3A01F98A7C829EF9E0435171DCCA
pEmail = (null)
IDF = 1
pSexo = 1
pSkin = 18
pDinheiro = 2427
pBanco = 0
pIdade = 0
pSegundosJogados = 4090
pAvisos = 0
pCadeia = 0
pAdmin = 7
pLastLogin = 16/09/2023 - 21:07
pInterior = 0
pPosX = 27.79051017
pPosY = 1346.28576660
pPosZ = 9.17187500
pPosA = 110.23137664
pCamX = 30.79630088
pCamY = 1347.52636718
pCamZ = 10.05220031
pCongelado = false
pCalado = false
pFome = 62
pSede = 64
pVIP = 0
pCoins = 0
pProfissao = 6
pOrg = 0
pCargo = 0
pProcurado = 0
pMultas = 0
pCasa = -1
