pSenha = 35D22E31986F0D463D275B5ACBB14046EB0E3A01F98A7C829EF9E0435171DCCA
pEmail = luanrosabnh@gmail.com
IDF = 10001
pSexo = 1
pSkin = 18
pDinheiro = 350
pBanco = 56739
pIdade = 0
pSegundosJogados = 28356
pAvisos = 0
pCadeia = 0
pAdmin = 7
pLastLogin = 10/10/2023 - 19:38
pInterior = 1
pPosX = -501.16125488
pPosY = 294.35369873
pPosZ = 2001.09497070
pPosA = 6.73976421
pCamX = -498.26589965
pCamY = 292.66079711
pCamZ = 2002.28283691
pCongelado = false
pCalado = false
pFome = 0
pSede = 0
pVIP = 2
pCoins = 5000
pProfissao = 0
pOrg = 0
pCargo = 0
pProcurado = 0
pMultas = 5378
pCasa = -1
pLevel = 0
pXP = 0
LicencaConduzir = 0
pNome = Luan de Paula Rosa
pNascimento = 21/07/2005
pPai = Adeilton Vieira Rosa
pMae = Luciene Ribeiro de Paula 
pRG = 1
pCarteiraT = 0
