pSenha = 230B4E36FF040827A5E0F12003A54C2BDE718819063B0824E65EFAA6B72B7722
pEmail = luanrosabnh@gmail.com
IDF = 1001
pSexo = 1
pSkin = 230
pDinheiro = 0
pBanco = 0
pIdade = 0
pSegundosJogados = 2004
pAvisos = 0
pCadeia = 0
pLastLogin = 04/12/2023 - 23:01
pInterior = 0
pPosX = 1701.83129882
pPosY = -1624.51940917
pPosZ = 20.21093750
pPosA = 191.77082824
pCamX = 1701.30224609
pCamY = -1621.98046875
pCamZ = 19.74740028
pCongelado = false
pCalado = false
pFome = 97
pSede = 98
pCoins = 0
pProfissao = 0
pOrg = 0
pCargo = 0
pProcurado = 0
pMultas = 0
pCasa = -1
pLevel = 0
pXP = 0
LicencaConduzir = 0
pNome = Luan de Paula Rosa
pNascimento = 21/07/2005
pPai = Adeilton Vieira Rosa
pMae = Luciene Ribeiro de Paula
pRG = 1
pCarteiraT = 0
Pecas = 0
pVida = 15.00000000
pColete = 15.00000000
