pSenha = 174458
pLevel = 0
pXP = 0
pSkin = 18
pDinheiro = 995849800
pBanco = 25500
pSexo = 0
pIdade = 18
pSegundosJogados = 4334
pAvisos = 0
pCadeia = 0
pAdmin = 7
pLastLogin = 30/08/2023 - 00:43
pInterior = 0
pPosX = 1670.56823730
pPosY = -2314.27148437
pPosZ = 13.38441371
pPosA = 64.82749938
pCamX = 1673.47058105
pCamY = -2315.70166015
pCamZ = 14.10739994
pCongelado = false
pCalado = false
pFome = 89
pSede = 82
pVIP = 3
pCoins = 10000
pProfissao = 1
pOrg = 0
pCargo = 0
pProcurado = 0
pMultas = 0
pCasa = -1
