pSenha = 35D22E31986F0D463D275B5ACBB14046EB0E3A01F98A7C829EF9E0435171DCCA
pEmail = (null)
IDF = 1
pSexo = 1
pSkin = 137
pDinheiro = 500
pBanco = 0
pIdade = 0
pSegundosJogados = 910
pAvisos = 0
pCadeia = 0
pAdmin = 7
pLastLogin = 14/09/2023 - 19:24
pInterior = 10
pPosX = 380.10006713
pPosY = -72.05002593
pPosZ = 1001.50781250
pPosA = 86.96029663
pCamX = 378.25268554
pCamY = -72.03220367
pCamZ = 1001.71740722
pCongelado = false
pCalado = false
pFome = 98
pSede = 99
pVIP = 0
pCoins = 0
pProfissao = 2
pOrg = 0
pCargo = 0
pProcurado = 0
pMultas = 0
pCasa = -1
