pSenha = 35D22E31986F0D463D275B5ACBB14046EB0E3A01F98A7C829EF9E0435171DCCA
pEmail = luanrosabnh@gmail.com
IDF = 1
pSexo = 1
pSkin = 2
pDinheiro = 500
pBanco = 0
pIdade = 0
pSegundosJogados = 60
pAvisos = 0
pCadeia = 0
pAdmin = 0
pLastLogin = 30/10/2023 - 22:10
pInterior = 0
pPosX = 1676.74621582
pPosY = -2308.89428710
pPosZ = 14.51562500
pPosA = 351.45877075
pCamX = 1677.07946777
pCamY = -2312.02734375
pCamZ = 16.61199951
pCongelado = false
pCalado = false
pFome = 100
pSede = 100
pVIP = 0
pCoins = 0
pProfissao = 0
pOrg = 0
pCargo = 0
pProcurado = 0
pMultas = 0
pCasa = -1
pLevel = 0
pXP = 0
LicencaConduzir = 0
pNome = (null)
pNascimento = (null)
pPai = (null)
pMae = (null)
pRG = 0
pCarteiraT = 0
Pecas = 0
