pSenha = 35D22E31986F0D463D275B5ACBB14046EB0E3A01F98A7C829EF9E0435171DCCA
pEmail = luanrosabnh@gmail.com
IDF = 1
pSexo = 1
pSkin = 2
pDinheiro = 0
pBanco = 22920
pIdade = 0
pSegundosJogados = 11012
pAvisos = 0
pCadeia = 0
pLastLogin = 11/11/2023 - 22:59
pInterior = 0
pPosX = 1982.26855468
pPosY = -1747.87744140
pPosZ = 13.38281250
pPosA = 93.67396545
pCamX = 1984.09802246
pCamY = -1745.01074218
pCamZ = 14.53499984
pCongelado = false
pCalado = false
pFome = 93
pSede = 92
pCoins = 70000
pProfissao = 0
pOrg = 0
pCargo = 0
pProcurado = 0
pMultas = 13983
pCasa = -1
pLevel = 0
pXP = 0
LicencaConduzir = 0
pNome = Luan de Paula
pNascimento = 21/07/2005
pPai = Adeilton
pMae = Luciene
pRG = 1
pCarteiraT = 0
Pecas = 0
