pSenha = 230B4E36FF040827A5E0F12003A54C2BDE718819063B0824E65EFAA6B72B7722
pEmail = luanrosabnh@gmail.com
IDF = 1001
pSexo = 1
pSkin = 230
pDinheiro = 0
pBanco = 20000
pIdade = 0
pSegundosJogados = 17340
pAvisos = 0
pCadeia = 0
pLastLogin = 06/12/2023 - 20:47
pInterior = 0
pPosX = 2367.40234375
pPosY = 2690.69775390
pPosZ = 10.82031250
pPosA = 218.04168701
pCamX = 2367.39428710
pCamY = 2694.09545898
pCamZ = 12.26060009
pCongelado = false
pCalado = false
pFome = 97
pSede = 98
pCoins = 4970000
pProfissao = 0
pOrg = 0
pCargo = 0
pProcurado = 0
pMultas = 1151
pCasa = -1
pLevel = 0
pXP = 0
LicencaConduzir = 0
pNome = Luan de Paula Rosa
pNascimento = 21/07/2005
pPai = Adeilton Vieira Rosa
pMae = Luciene Ribeiro de Paula
pRG = 1
pCarteiraT = 0
Pecas = 0
pVida = 84.00000000
pColete = 15.00000000
pOrgDiv = 0
