pSenha = 35D22E31986F0D463D275B5ACBB14046EB0E3A01F98A7C829EF9E0435171DCCA
pEmail = kwksks@gmail.com
IDF = 10001
pSexo = 1
pSkin = 2
pDinheiro = 500
pBanco = 0
pIdade = 0
pSegundosJogados = 74
pAvisos = 0
pCadeia = 0
pAdmin = 0
pLastLogin = 26/09/2023 - 22:19
pInterior = 0
pPosX = -1636.26159667
pPosY = 1412.62304687
pPosZ = 7.18750000
pPosA = 136.47016906
pCamX = -1633.88500976
pCamY = 1415.12475585
pCamZ = 8.30329990
pCongelado = false
pCalado = false
pFome = 100
pSede = 100
pVIP = 0
pCoins = 0
pProfissao = 0
pOrg = 0
pCargo = 0
pProcurado = 0
pMultas = 0
pCasa = -1
pLevel = 0
pXP = 0
LicencaConduzir = 0
