pSenha = 35D22E31986F0D463D275B5ACBB14046EB0E3A01F98A7C829EF9E0435171DCCA
pEmail = (null)
IDF = 1
pSexo = 1
pSkin = 18
pDinheiro = 2525
pBanco = 0
pIdade = 0
pSegundosJogados = 4374
pAvisos = 0
pCadeia = 0
pAdmin = 7
pLastLogin = 16/09/2023 - 21:14
pInterior = 0
pPosX = 17.14447784
pPosY = 1353.89770507
pPosZ = 9.17187500
pPosA = 103.93164062
pCamX = 18.91029930
pCamY = 1354.31738281
pCamZ = 9.98410034
pCongelado = false
pCalado = false
pFome = 59
pSede = 63
pVIP = 0
pCoins = 0
pProfissao = 6
pOrg = 0
pCargo = 0
pProcurado = 0
pMultas = 0
pCasa = -1
