pSenha = 35D22E31986F0D463D275B5ACBB14046EB0E3A01F98A7C829EF9E0435171DCCA
pEmail = (null)
IDF = 1
pSexo = 1
pSkin = 137
pDinheiro = 500
pBanco = 0
pIdade = 0
pSegundosJogados = 200
pAvisos = 0
pCadeia = 0
pAdmin = 0
pLastLogin = 12/09/2023 - 13:06
pInterior = 0
pPosX = 685.03259277
pPosY = 821.02355957
pPosZ = -27.69144248
pPosA = 200.29154968
pCamX = 589.40832519
pCamY = 876.64337158
pCamZ = -41.21920013
pCongelado = false
pCalado = false
pFome = 100
pSede = 100
pVIP = 0
pCoins = 0
pProfissao = 2
pOrg = 0
pCargo = 0
pProcurado = 0
pMultas = 0
pCasa = -1
