pSenha = 174458
pLevel = 0
pXP = 0
pSkin = 18
pDinheiro = 995860791
pBanco = 25500
pSexo = 0
pIdade = 18
pSegundosJogados = 8880
pAvisos = 0
pCadeia = 0
pAdmin = 7
pLastLogin = 31/08/2023 - 20:03
pInterior = 0
pPosX = -36.14626312
pPosY = -1163.26940917
pPosZ = 1.95685100
pPosA = 123.82919311
pCamX = -36.08140182
pCamY = -1162.96704101
pCamZ = 6.04360008
pCongelado = false
pCalado = false
pFome = 70
pSede = 60
pVIP = 3
pCoins = 10000
pProfissao = 4
pOrg = 0
pCargo = 0
pProcurado = 0
pMultas = 0
pCasa = -1
