pSenha = 174458
pLevel = 0
pXP = 0
pSkin = 18
pDinheiro = 995849300
pBanco = 25500
pSexo = 0
pIdade = 18
pSegundosJogados = 2358
pAvisos = 0
pCadeia = 0
pAdmin = 7
pLastLogin = 29/08/2023 - 20:06
pInterior = 0
pPosX = 383.83157348
pPosY = -2087.05517578
pPosZ = 7.83593750
pPosA = 5.56936597
pCamX = 385.89379882
pCamY = -2088.83105468
pCamZ = 8.45209980
pCongelado = false
pCalado = false
pFome = 95
pSede = 91
pVIP = 3
pCoins = 10000
pProfissao = 1
pOrg = 0
pCargo = 0
pProcurado = 0
pMultas = 0
pCasa = -1
