pSenha = 35D22E31986F0D463D275B5ACBB14046EB0E3A01F98A7C829EF9E0435171DCCA
pEmail = luanrosabnh@gmail.com
IDF = 10001
pSexo = 1
pSkin = 18
pDinheiro = 3409
pBanco = 56739
pIdade = 0
pSegundosJogados = 32554
pAvisos = 0
pCadeia = 0
pAdmin = 7
pLastLogin = 19/10/2023 - 00:05
pInterior = 0
pPosX = -2754.57592773
pPosY = -208.21847534
pPosZ = 6.76615905
pPosA = 93.06880187
pCamX = -2054.88085937
pCamY = -289.71929931
pCamZ = 36.61280059
pCongelado = false
pCalado = false
pFome = 43
pSede = 36
pVIP = 2
pCoins = 5000
pProfissao = 0
pOrg = 0
pCargo = 0
pProcurado = 0
pMultas = 5378
pCasa = -1
pLevel = 0
pXP = 0
LicencaConduzir = 0
pNome = Luan de Paula Rosa
pNascimento = 21/07/2005
pPai = Adeilton Vieira Rosa
pMae = Luciene Ribeiro de Paula 
pRG = 1
pCarteiraT = 0
Pecas = 0
