pSenha = 230B4E36FF040827A5E0F12003A54C2BDE718819063B0824E65EFAA6B72B7722
pEmail = luanrosabnh@gmail.com
IDF = 1001
pSexo = 1
pSkin = 230
pDinheiro = 0
pBanco = 0
pIdade = 0
pSegundosJogados = 402
pAvisos = 0
pCadeia = 0
pLastLogin = 04/12/2023 - 00:32
pInterior = 0
pPosX = 1736.45910644
pPosY = -1862.13879394
pPosZ = 13.57666015
pPosA = 184.46388244
pCamX = 1736.20874023
pCamY = -1858.68957519
pCamZ = 14.71570014
pCongelado = false
pCalado = false
pFome = 100
pSede = 100
pCoins = 0
pProfissao = 0
pOrg = 0
pCargo = 0
pProcurado = 0
pMultas = 0
pCasa = -1
pLevel = 0
pXP = 0
LicencaConduzir = 0
pNome = (null)
pNascimento = (null)
pPai = (null)
pMae = (null)
pRG = 0
pCarteiraT = 0
Pecas = 0
pVida = 15.00000000
pColete = 15.00000000
