pSenha = 35D22E31986F0D463D275B5ACBB14046EB0E3A01F98A7C829EF9E0435171DCCA
pEmail = (null)
IDF = 1
pSexo = 1
pSkin = 18
pDinheiro = 1165
pBanco = 25000
pIdade = 0
pSegundosJogados = 8860
pAvisos = 0
pCadeia = 0
pAdmin = 7
pLastLogin = 22/09/2023 - 01:53
pInterior = 0
pPosX = -1636.03125000
pPosY = 1412.86560058
pPosZ = 7.18750000
pPosA = 136.47016906
pCamX = -1633.65686035
pCamY = 1415.36511230
pCamZ = 8.39029979
pCongelado = false
pCalado = false
pFome = 28
pSede = 29
pVIP = 3
pCoins = 8528883
pProfissao = 1
pOrg = 0
pCargo = 0
pProcurado = 0
pMultas = 0
pCasa = -1
