pSenha = 174458
IDF = 1
pSkin = 18
pDinheiro = 40024
pBanco = -164
pIdade = 18
pSegundosJogados = 12386
pAvisos = 0
pCadeia = 0
pAdmin = 7
pLastLogin = 07/09/2023 - 20:16
pInterior = 0
pPosX = -520.49151611
pPosY = -501.22299194
pPosZ = 25.12696838
pPosA = 208.76048278
pCamX = -485.60949707
pCamY = -497.92050170
pCamZ = 26.30839920
pCongelado = false
pCalado = false
pFome = 51
pSede = 57
pVIP = 0
pCoins = 0
pProfissao = 4
pOrg = 0
pCargo = 0
pProcurado = 0
pMultas = 0
pCasa = -1
