pSenha = 35D22E31986F0D463D275B5ACBB14046EB0E3A01F98A7C829EF9E0435171DCCA
pEmail = kwksks@gmail.com
IDF = 10001
pSexo = 1
pSkin = 2
pDinheiro = 500
pBanco = 0
pIdade = 0
pSegundosJogados = 7154
pAvisos = 0
pCadeia = 0
pAdmin = 7
pLastLogin = 27/09/2023 - 21:32
pInterior = 0
pPosX = -1394.99194335
pPosY = 2633.33300781
pPosZ = 55.89474868
pPosA = 98.39199066
pCamX = -1391.55700683
pCamY = 2633.12573242
pCamZ = 56.57849884
pCongelado = false
pCalado = false
pFome = 33
pSede = 34
pVIP = 0
pCoins = 0
pProfissao = 0
pOrg = 1
pCargo = 3
pProcurado = 0
pMultas = 0
pCasa = -1
pLevel = 0
pXP = 0
LicencaConduzir = 0
