pSenha = 35D22E31986F0D463D275B5ACBB14046EB0E3A01F98A7C829EF9E0435171DCCA
pEmail = kwksks@gmail.com
IDF = 10001
pSexo = 1
pSkin = 36
pDinheiro = 297000
pBanco = 25000
pIdade = 0
pSegundosJogados = 21228
pAvisos = 0
pCadeia = 0
pAdmin = 7
pLastLogin = 09/10/2023 - 16:29
pInterior = 0
pPosX = 313.88879394
pPosY = 2500.67114257
pPosZ = 16.48437500
pPosA = 137.99098205
pCamX = 314.52719116
pCamY = 2501.95068359
pCamZ = 17.39290046
pCongelado = false
pCalado = false
pFome = -83
pSede = -61
pVIP = 2
pCoins = 20000
pProfissao = 0
pOrg = 6
pCargo = 3
pProcurado = 10
pMultas = 4450
pCasa = -1
pLevel = 0
pXP = 0
LicencaConduzir = 0
pNome = Luan de Paula Pinto
pNascimento = 21/07/2005
pPai = Adeilton de Viera Rosa
pMae = Luciene Ribeiro de Paula 
pRG = 1
pCarteiraT = 0
