pSenha = D2522EABB6BCA9E261535915B60E149E2C31350FB3B6DB0CF9D798AAE05B4E7D
pEmail = nada@gmail.com
IDF = 78
pSexo = 1
pSkin = 2
pDinheiro = 500
pBanco = 0
pIdade = 0
pSegundosJogados = 64
pAvisos = 0
pCadeia = 0
pLastLogin = 13/11/2023 - 22:32
pInterior = 0
pPosX = 1685.32885742
pPosY = -2332.37304687
pPosZ = 13.54687500
pPosA = 3.79612064
pCamX = 1685.51159667
pCamY = -2335.12548828
pCamZ = 14.44149971
pCongelado = false
pCalado = false
pFome = 100
pSede = 100
pCoins = 115000
pProfissao = 0
pOrg = 0
pCargo = 0
pProcurado = 0
pMultas = 0
pCasa = -1
pLevel = 0
pXP = 0
LicencaConduzir = 0
pNome = (null)
pNascimento = (null)
pPai = (null)
pMae = (null)
pRG = 0
pCarteiraT = 0
Pecas = 0
