pSenha = 35D22E31986F0D463D275B5ACBB14046EB0E3A01F98A7C829EF9E0435171DCCA
pEmail = luanrosabnh@gmail.com
IDF = 1
pSexo = 1
pSkin = 2
pDinheiro = 500
pBanco = -248
pIdade = 0
pSegundosJogados = 3394
pAvisos = 0
pCadeia = 0
pAdmin = 7
pLastLogin = 01/11/2023 - 23:40
pInterior = 0
pPosX = -2720.13085937
pPosY = -128.29873657
pPosZ = 4.33593750
pPosA = 251.29025268
pCamX = -2720.16699218
pCamY = -130.32380676
pCamZ = 5.23309993
pCongelado = false
pCalado = false
pFome = 69
pSede = 57
pVIP = 0
pCoins = 0
pProfissao = 8
pOrg = 0
pCargo = 0
pProcurado = 0
pMultas = 0
pCasa = -1
pLevel = 0
pXP = 0
LicencaConduzir = 0
pNome = Luan de Paula Rosa
pNascimento = 21/07/2005
pPai = Adeilton Vieira Rosa
pMae = Luciene Ribeiro de Paula
pRG = 1
pCarteiraT = 0
Pecas = 0
