pSenha = 35D22E31986F0D463D275B5ACBB14046EB0E3A01F98A7C829EF9E0435171DCCA
pEmail = kwksks@gmail.com
IDF = 10001
pSexo = 1
pSkin = 36
pDinheiro = 399500
pBanco = 25000
pIdade = 0
pSegundosJogados = 18106
pAvisos = 0
pCadeia = 0
pAdmin = 7
pLastLogin = 05/10/2023 - 01:14
pInterior = 0
pPosX = 1472.27343750
pPosY = 1389.15332031
pPosZ = 10.90624713
pPosA = 272.31851196
pCamX = 1471.08105468
pCamY = 1387.79614257
pCamZ = 11.91209983
pCongelado = false
pCalado = false
pFome = -54
pSede = -37
pVIP = 2
pCoins = 20000
pProfissao = 0
pOrg = 6
pCargo = 3
pProcurado = 10
pMultas = 4450
pCasa = -1
pLevel = 0
pXP = 0
LicencaConduzir = 0
pNome = Luan de Paula Pinto
pNascimento = 21/07/2005
pPai = Adeilton de Viera Rosa
pMae = Luciene Ribeiro de Paula 
pRG = 1
pCarteiraT = 0
