pSenha = 230B4E36FF040827A5E0F12003A54C2BDE718819063B0824E65EFAA6B72B7722
pEmail = luanrosabnh@gmail.com
IDF = 1001
pSexo = 1
pSkin = 230
pDinheiro = 0
pBanco = 0
pIdade = 0
pSegundosJogados = 1146
pAvisos = 0
pCadeia = 0
pLastLogin = 04/12/2023 - 19:34
pInterior = 0
pPosX = 1568.13061523
pPosY = -1891.80041503
pPosZ = 13.55937004
pPosA = 1.18564200
pCamX = 1566.10974121
pCamY = -1888.96801757
pCamZ = 13.78470039
pCongelado = false
pCalado = false
pFome = 99
pSede = 99
pCoins = 0
pProfissao = 0
pOrg = 0
pCargo = 0
pProcurado = 0
pMultas = 0
pCasa = -1
pLevel = 0
pXP = 0
LicencaConduzir = 0
pNome = Luan de Paula Rosa
pNascimento = 21/07/2005
pPai = Adeilton Vieira Rosa
pMae = Luciene Ribeiro de Paula
pRG = 1
pCarteiraT = 0
Pecas = 0
pVida = 15.00000000
pColete = 15.00000000
