pSenha = 174458
pLevel = 0
pXP = 0
pSkin = 18
pDinheiro = 995849800
pBanco = 25500
pSexo = 0
pIdade = 18
pSegundosJogados = 5454
pAvisos = 0
pCadeia = 0
pAdmin = 7
pLastLogin = 30/08/2023 - 17:45
pInterior = 0
pPosX = 383.47763061
pPosY = -2088.79541015
pPosZ = 7.83593750
pPosA = 179.26589965
pCamX = 384.72769165
pCamY = -2090.29370117
pCamZ = 10.41020011
pCongelado = false
pCalado = false
pFome = 85
pSede = 77
pVIP = 3
pCoins = 10000
pProfissao = 1
pOrg = 0
pCargo = 0
pProcurado = 0
pMultas = 0
pCasa = -1
