pSenha = 35D22E31986F0D463D275B5ACBB14046EB0E3A01F98A7C829EF9E0435171DCCA
pEmail = (null)
IDF = 1
pSexo = 1
pSkin = 18
pDinheiro = 2288
pBanco = 0
pIdade = 0
pSegundosJogados = 3794
pAvisos = 0
pCadeia = 0
pAdmin = 7
pLastLogin = 16/09/2023 - 18:02
pInterior = 0
pPosX = -23.71103286
pPosY = 1369.11437988
pPosZ = 9.17187500
pPosA = 45.69966125
pCamX = -21.33620071
pCamY = 1366.88928222
pCamZ = 10.00010013
pCongelado = false
pCalado = false
pFome = 65
pSede = 65
pVIP = 0
pCoins = 0
pProfissao = 6
pOrg = 0
pCargo = 0
pProcurado = 0
pMultas = 0
pCasa = -1
