pSenha = 35D22E31986F0D463D275B5ACBB14046EB0E3A01F98A7C829EF9E0435171DCCA
pEmail = luanrosabnh@gmail.com
IDF = 1
pSexo = 1
pSkin = 2
pDinheiro = 500
pBanco = -1779
pIdade = 0
pSegundosJogados = 8546
pAvisos = 0
pCadeia = 0
pAdmin = 7
pLastLogin = 03/11/2023 - 19:46
pInterior = 0
pPosX = 776.05072021
pPosY = -506.72915649
pPosZ = 17.82002067
pPosA = 23.39198684
pCamX = 775.86059570
pCamY = -505.33441162
pCamZ = 18.91810035
pCongelado = false
pCalado = false
pFome = 54
pSede = 56
pVIP = 0
pCoins = 0
pProfissao = 8
pOrg = 0
pCargo = 0
pProcurado = 0
pMultas = 2315
pCasa = -1
pLevel = 0
pXP = 0
LicencaConduzir = 0
pNome = Luan de Paula Rosa
pNascimento = 21/07/2005
pPai = Adeilton Vieira Rosa
pMae = Luciene Ribeiro de Paula
pRG = 1
pCarteiraT = 0
Pecas = 0
