pSenha = 35D22E31986F0D463D275B5ACBB14046EB0E3A01F98A7C829EF9E0435171DCCA
pEmail = (null)
IDF = 1
pSexo = 1
pSkin = 121
pDinheiro = 2000
pBanco = 28651
pIdade = 0
pSegundosJogados = 6744
pAvisos = 0
pCadeia = 0
pAdmin = 7
pLastLogin = 24/09/2023 - 02:35
pInterior = 1
pPosX = 942.46612548
pPosY = 2116.92675781
pPosZ = 1011.03027343
pPosA = 240.96633911
pCamX = 944.61907958
pCamY = 2115.71459960
pCamZ = 1014.09649658
pCongelado = false
pCalado = false
pFome = 44
pSede = 38
pVIP = 3
pCoins = 8000
pProfissao = 0
pOrg = 0
pCargo = 0
pProcurado = 0
pMultas = 0
pCasa = -1
pLevel = 3
pXP = 100
LicencaConduzir = 1
