pSenha = 174458
pLevel = 0
pXP = 0
pSkin = 18
pDinheiro = 995850500
pBanco = 25500
pSexo = 0
pIdade = 18
pSegundosJogados = 1526
pAvisos = 0
pCadeia = 0
pAdmin = 7
pLastLogin = 29/08/2023 - 00:01
pInterior = 0
pPosX = 1150.79272460
pPosY = -1324.81848144
pPosZ = -43.44948196
pPosA = 0.84580391
pCamX = 1151.09545898
pCamY = -1328.28906250
pCamZ = -42.51409912
pCongelado = false
pCalado = false
pFome = 99
pSede = 97
pVIP = 3
pCoins = 10000
pProfissao = 0
pOrg = 0
pCargo = 0
pProcurado = 0
pMultas = 0
pCasa = -1
