pSenha = 35D22E31986F0D463D275B5ACBB14046EB0E3A01F98A7C829EF9E0435171DCCA
pEmail = kwksks@gmail.com
IDF = 10001
pSexo = 1
pSkin = 2
pDinheiro = 500
pBanco = 0
pIdade = 0
pSegundosJogados = 9600
pAvisos = 0
pCadeia = 0
pAdmin = 7
pLastLogin = 28/09/2023 - 13:44
pInterior = 0
pPosX = -690.71160888
pPosY = 938.64080810
pPosZ = 13.63281250
pPosA = 262.39056396
pCamX = -689.42388916
pCamY = 940.44982910
pCamZ = 15.24899959
pCongelado = false
pCalado = false
pFome = 14
pSede = 22
pVIP = 0
pCoins = 0
pProfissao = 0
pOrg = 0
pCargo = 0
pProcurado = 0
pMultas = 0
pCasa = -1
pLevel = 0
pXP = 0
LicencaConduzir = 0
