pSenha = 35D22E31986F0D463D275B5ACBB14046EB0E3A01F98A7C829EF9E0435171DCCA
pEmail = luanrosabnh@gmail.com
IDF = 1
pSexo = 1
pSkin = 2
pDinheiro = 500
pBanco = -248
pIdade = 0
pSegundosJogados = 4004
pAvisos = 0
pCadeia = 0
pAdmin = 7
pLastLogin = 02/11/2023 - 01:43
pInterior = 0
pPosX = 981.69519042
pPosY = 1733.62670898
pPosZ = 8.72835254
pPosA = 205.85575866
pCamX = 980.17181396
pCamY = 1736.84045410
pCamZ = 9.43109989
pCongelado = false
pCalado = false
pFome = 97
pSede = 96
pVIP = 0
pCoins = 0
pProfissao = 8
pOrg = 0
pCargo = 0
pProcurado = 0
pMultas = 0
pCasa = -1
pLevel = 0
pXP = 0
LicencaConduzir = 0
pNome = Luan de Paula Rosa
pNascimento = 21/07/2005
pPai = Adeilton Vieira Rosa
pMae = Luciene Ribeiro de Paula
pRG = 1
pCarteiraT = 0
Pecas = 0
