pSenha = 174458
pLevel = 0
pXP = 0
pSkin = 18
pDinheiro = 995856491
pBanco = 25500
pSexo = 0
pIdade = 18
pSegundosJogados = 8274
pAvisos = 0
pCadeia = 0
pAdmin = 7
pLastLogin = 31/08/2023 - 19:22
pInterior = 0
pPosX = 927.06036376
pPosY = -1102.49731445
pPosZ = 24.14435577
pPosA = 295.42071533
pCamX = 920.89739990
pCamY = -1078.81738281
pCamZ = 25.26889991
pCongelado = false
pCalado = false
pFome = 74
pSede = 64
pVIP = 3
pCoins = 10000
pProfissao = 5
pOrg = 0
pCargo = 0
pProcurado = 0
pMultas = 0
pCasa = -1
