pSenha = 35D22E31986F0D463D275B5ACBB14046EB0E3A01F98A7C829EF9E0435171DCCA
pEmail = kwksks@gmail.com
IDF = 10001
pSexo = 1
pSkin = 36
pDinheiro = 296370
pBanco = 21904
pIdade = 0
pSegundosJogados = 23582
pAvisos = 0
pCadeia = 0
pAdmin = 7
pLastLogin = 10/10/2023 - 00:48
pInterior = 0
pPosX = -2151.83447265
pPosY = -240.84326171
pPosZ = 36.51562500
pPosA = 209.48233032
pCamX = -2151.43286132
pCamY = -236.25529479
pCamZ = 37.61309814
pCongelado = false
pCalado = false
pFome = 54
pSede = 55
pVIP = 2
pCoins = 20000
pProfissao = 3
pOrg = 12
pCargo = 3
pProcurado = 10
pMultas = 4450
pCasa = -1
pLevel = 0
pXP = 0
LicencaConduzir = 0
pNome = Luan de Paula Pinto
pNascimento = 21/07/2005
pPai = Adeilton de Viera Rosa
pMae = Luciene Ribeiro de Paula 
pRG = 1
pCarteiraT = 0
