pSenha = 230B4E36FF040827A5E0F12003A54C2BDE718819063B0824E65EFAA6B72B7722
pEmail = luanrosabnh@gmail.com
IDF = 1001
pSexo = 1
pSkin = 230
pDinheiro = 0
pBanco = 0
pIdade = 0
pSegundosJogados = 2270
pAvisos = 0
pCadeia = 0
pLastLogin = 05/12/2023 - 23:27
pInterior = 0
pPosX = 1566.60974121
pPosY = -1889.40783691
pPosZ = 13.55878639
pPosA = 0.24549259
pCamX = 1566.62854003
pCamY = -1893.79980468
pCamZ = 14.33390045
pCongelado = false
pCalado = false
pFome = 97
pSede = 98
pCoins = 0
pProfissao = 0
pOrg = 0
pCargo = 0
pProcurado = 0
pMultas = 0
pCasa = -1
pLevel = 0
pXP = 0
LicencaConduzir = 0
pNome = Luan de Paula Rosa
pNascimento = 21/07/2005
pPai = Adeilton Vieira Rosa
pMae = Luciene Ribeiro de Paula
pRG = 1
pCarteiraT = 0
Pecas = 0
pVida = 15.00000000
pColete = 15.00000000
pOrgDiv = 0
