pSenha = 35D22E31986F0D463D275B5ACBB14046EB0E3A01F98A7C829EF9E0435171DCCA
pEmail = luanrosabnh@gmail.com
IDF = 1
pSexo = 1
pSkin = 2
pDinheiro = 0
pBanco = 22920
pIdade = 0
pSegundosJogados = 11152
pAvisos = 0
pCadeia = 0
pLastLogin = 13/11/2023 - 15:03
pInterior = 0
pPosX = 715.04058837
pPosY = -442.94363403
pPosZ = 16.33593750
pPosA = 125.77560424
pCamX = 712.86291503
pCamY = -441.72680664
pCamZ = 18.23780059
pCongelado = false
pCalado = false
pFome = 100
pSede = 100
pCoins = 70000
pProfissao = 0
pOrg = 0
pCargo = 0
pProcurado = 0
pMultas = 13983
pCasa = -1
pLevel = 0
pXP = 0
LicencaConduzir = 0
pNome = Luan de Paula
pNascimento = 21/07/2005
pPai = Adeilton
pMae = Luciene
pRG = 1
pCarteiraT = 0
Pecas = 0
