pSenha = 174458
IDF = 1
pSkin = 18
pDinheiro = 0
pBanco = 0
pIdade = 18
pSegundosJogados = 92
pAvisos = 0
pCadeia = 0
pAdmin = 0
pLastLogin = 03/09/2023 - 18:51
pInterior = 0
pPosX = 1686.24121093
pPosY = -2328.67431640
pPosZ = 13.54687500
pPosA = 122.24446868
pCamX = 1688.83605957
pCamY = -2330.97460937
pCamZ = 14.22200012
pCongelado = false
pCalado = false
pFome = 100
pSede = 100
pVIP = 0
pCoins = 10000
pProfissao = 0
pOrg = 0
pCargo = 0
pProcurado = 0
pMultas = 0
pCasa = -1
