pSenha = 35D22E31986F0D463D275B5ACBB14046EB0E3A01F98A7C829EF9E0435171DCCA
pEmail = (null)
IDF = 1
pSexo = 1
pSkin = 18
pDinheiro = 2525
pBanco = 0
pIdade = 0
pSegundosJogados = 6096
pAvisos = 0
pCadeia = 0
pAdmin = 7
pLastLogin = 18/09/2023 - 19:38
pInterior = 0
pPosX = -1623.51342773
pPosY = 1406.45019531
pPosZ = 7.18750000
pPosA = 173.33790588
pCamX = -1620.18286132
pCamY = 1407.46618652
pCamZ = 7.78310012
pCongelado = false
pCalado = false
pFome = 46
pSede = 52
pVIP = 1
pCoins = 8548883
pProfissao = 6
pOrg = 0
pCargo = 0
pProcurado = 0
pMultas = 0
pCasa = -1
