pSenha = 35D22E31986F0D463D275B5ACBB14046EB0E3A01F98A7C829EF9E0435171DCCA
pEmail = kwksks@gmail.com
IDF = 10001
pSexo = 1
pSkin = 2
pDinheiro = 500
pBanco = 0
pIdade = 0
pSegundosJogados = 10176
pAvisos = 0
pCadeia = 60
pAdmin = 7
pLastLogin = 29/09/2023 - 14:14
pInterior = 5
pPosX = 322.19799804
pPosY = 302.49798583
pPosZ = 999.14843750
pPosA = 150.96783447
pCamX = 322.24560546
pCamY = 305.05239868
pCamZ = 999.51287841
pCongelado = false
pCalado = false
pFome = 10
pSede = 19
pVIP = 0
pCoins = 0
pProfissao = 0
pOrg = 0
pCargo = 0
pProcurado = 0
pMultas = 0
pCasa = -1
pLevel = 0
pXP = 0
LicencaConduzir = 0
pNome = (null)
pNascimento = (null)
pPai = (null)
pMae = (null)
pRG = 0
pCarteiraT = 0
