pSenha = 35D22E31986F0D463D275B5ACBB14046EB0E3A01F98A7C829EF9E0435171DCCA
pEmail = luanrosabnh@gmail.com
IDF = 1
pSexo = 1
pSkin = 17
pDinheiro = 640
pBanco = 0
pIdade = 0
pSegundosJogados = 5712
pAvisos = 0
pCadeia = 0
pAdmin = 7
pLastLogin = 28/10/2023 - 15:45
pInterior = 0
pPosX = 1654.38537597
pPosY = -1873.89526367
pPosZ = 13.38281250
pPosA = 277.44754028
pCamX = 1652.80700683
pCamY = -1870.91723632
pCamZ = 14.92630004
pCongelado = false
pCalado = false
pFome = 94
pSede = 95
pVIP = 0
pCoins = 0
pProfissao = 1
pOrg = 0
pCargo = 0
pProcurado = 0
pMultas = 2542
pCasa = -1
pLevel = 0
pXP = 0
LicencaConduzir = 0
pNome = Luan De Paula Rosa
pNascimento = 21/07/2005
pPai = Adeilton Vieira Rosa
pMae = Luciene Ribeiro de Paula
pRG = 1
pCarteiraT = 0
Pecas = 0
