pSenha = 35D22E31986F0D463D275B5ACBB14046EB0E3A01F98A7C829EF9E0435171DCCA
pEmail = kwksks@gmail.com
IDF = 10001
pSexo = 1
pSkin = 36
pDinheiro = 500
pBanco = 25000
pIdade = 0
pSegundosJogados = 17358
pAvisos = 0
pCadeia = 0
pAdmin = 7
pLastLogin = 04/10/2023 - 20:50
pInterior = 0
pPosX = 2323.70800781
pPosY = -1224.18884277
pPosZ = 27.97656250
pPosA = 123.43177032
pCamX = 2326.71630859
pCamY = -1222.51696777
pCamZ = 28.08620071
pCongelado = false
pCalado = false
pFome = -54
pSede = -37
pVIP = 2
pCoins = 20000
pProfissao = 0
pOrg = 6
pCargo = 3
pProcurado = 10
pMultas = 4450
pCasa = -1
pLevel = 0
pXP = 0
LicencaConduzir = 0
pNome = (null)
pNascimento = (null)
pPai = (null)
pMae = (null)
pRG = 0
pCarteiraT = 0
