pSenha = 174458
pLevel = 0
pXP = 0
pSkin = 18
pDinheiro = 995849800
pBanco = 25500
pSexo = 0
pIdade = 18
pSegundosJogados = 4772
pAvisos = 0
pCadeia = 0
pAdmin = 7
pLastLogin = 30/08/2023 - 14:02
pInterior = 0
pPosX = 383.31219482
pPosY = -2088.79785156
pPosZ = 7.83593750
pPosA = 185.39997863
pCamX = 383.05160522
pCamY = -2086.04199218
pCamZ = 8.57450008
pCongelado = false
pCalado = false
pFome = 88
pSede = 79
pVIP = 3
pCoins = 10000
pProfissao = 1
pOrg = 0
pCargo = 0
pProcurado = 0
pMultas = 0
pCasa = -1
