pSenha = 35D22E31986F0D463D275B5ACBB14046EB0E3A01F98A7C829EF9E0435171DCCA
pEmail = luanrosabnh@gmail.com
IDF = 1
pSexo = 1
pSkin = 2
pDinheiro = 500
pBanco = -1779
pIdade = 0
pSegundosJogados = 7880
pAvisos = 0
pCadeia = 0
pAdmin = 7
pLastLogin = 03/11/2023 - 19:21
pInterior = 0
pPosX = 955.83917236
pPosY = 1710.45031738
pPosZ = 8.64843750
pPosA = 14.59900760
pCamX = 956.71997070
pCamY = 1708.27758789
pCamZ = 10.36979961
pCongelado = false
pCalado = false
pFome = 59
pSede = 61
pVIP = 0
pCoins = 0
pProfissao = 8
pOrg = 0
pCargo = 0
pProcurado = 0
pMultas = 0
pCasa = -1
pLevel = 0
pXP = 0
LicencaConduzir = 0
pNome = Luan de Paula Rosa
pNascimento = 21/07/2005
pPai = Adeilton Vieira Rosa
pMae = Luciene Ribeiro de Paula
pRG = 1
pCarteiraT = 0
Pecas = 0
