pSenha = 35D22E31986F0D463D275B5ACBB14046EB0E3A01F98A7C829EF9E0435171DCCA
pEmail = luanrosabnh@gmail.com
IDF = 1
pSexo = 1
pSkin = 17
pDinheiro = 640
pBanco = 0
pIdade = 0
pSegundosJogados = 3356
pAvisos = 0
pCadeia = 0
pAdmin = 7
pLastLogin = 28/10/2023 - 01:18
pInterior = 0
pPosX = 1322.94140625
pPosY = -878.92779541
pPosZ = 39.57812500
pPosA = 50.68260192
pCamX = 1331.17065429
pCamY = -885.32739257
pCamZ = 40.37409973
pCongelado = false
pCalado = false
pFome = 97
pSede = 97
pVIP = 0
pCoins = 0
pProfissao = 1
pOrg = 0
pCargo = 0
pProcurado = 0
pMultas = 0
pCasa = -1
pLevel = 0
pXP = 0
LicencaConduzir = 0
pNome = Luan De Paula Rosa
pNascimento = 21/07/2005
pPai = Adeilton Vieira Rosa
pMae = Luciene Ribeiro de Paula
pRG = 1
pCarteiraT = 0
Pecas = 0
