pSenha = 174458
IDF = 1
pSkin = 18
pDinheiro = 37563
pBanco = -164
pIdade = 18
pSegundosJogados = 10212
pAvisos = 0
pCadeia = 0
pAdmin = 7
pLastLogin = 06/09/2023 - 18:44
pInterior = 1
pPosX = 942.76043701
pPosY = 2173.59472656
pPosZ = 1011.02343750
pPosA = 342.28726196
pCamX = 942.60382080
pCamY = 2176.57275390
pCamZ = 1012.62799072
pCongelado = false
pCalado = false
pFome = 58
pSede = 64
pVIP = 0
pCoins = 0
pProfissao = 3
pOrg = 0
pCargo = 0
pProcurado = 0
pMultas = 0
pCasa = -1
