pSenha = 35D22E31986F0D463D275B5ACBB14046EB0E3A01F98A7C829EF9E0435171DCCA
pEmail = (null)
IDF = 1
pSexo = 1
pSkin = 18
pDinheiro = 2525
pBanco = 0
pIdade = 0
pSegundosJogados = 6360
pAvisos = 0
pCadeia = 0
pAdmin = 7
pLastLogin = 18/09/2023 - 22:48
pInterior = 0
pPosX = -1642.78283691
pPosY = 1419.66625976
pPosZ = 7.18750000
pPosA = 31.10074424
pCamX = -1645.10510253
pCamY = 1417.53247070
pCamZ = 8.62580013
pCongelado = false
pCalado = false
pFome = 46
pSede = 52
pVIP = 1
pCoins = 8548883
pProfissao = 6
pOrg = 0
pCargo = 0
pProcurado = 0
pMultas = 0
pCasa = -1
