pSenha = 35D22E31986F0D463D275B5ACBB14046EB0E3A01F98A7C829EF9E0435171DCCA
pEmail = luanrosabnh@gmail.com
IDF = 1
pSexo = 1
pSkin = 2
pDinheiro = 0
pBanco = 22920
pIdade = 0
pSegundosJogados = 5760
pAvisos = 0
pCadeia = 0
pLastLogin = 10/11/2023 - 18:43
pInterior = 0
pPosX = 305.68438720
pPosY = -1786.89099121
pPosZ = 4.91212272
pPosA = 122.08744049
pCamX = 389.79501342
pCamY = -1768.53979492
pCamZ = 7.20109987
pCongelado = false
pCalado = false
pFome = 92
pSede = 92
pCoins = 70000
pProfissao = 0
pOrg = 0
pCargo = 0
pProcurado = 0
pMultas = 7609
pCasa = -1
pLevel = 0
pXP = 0
LicencaConduzir = 0
pNome = Luan de Paula
pNascimento = 21/07/2005
pPai = Adeilton
pMae = Luciene
pRG = 1
pCarteiraT = 0
Pecas = 0
