pSenha = 174458
IDF = 1
pSkin = 18
pDinheiro = 37523
pBanco = -164
pIdade = 18
pSegundosJogados = 8384
pAvisos = 0
pCadeia = 0
pAdmin = 7
pLastLogin = 06/09/2023 - 03:12
pInterior = 0
pPosX = -480.84085083
pPosY = 2205.78076171
pPosZ = 48.02857208
pPosA = 77.40380859
pCamX = -479.89709472
pCamY = 2202.64770507
pCamZ = 49.26520156
pCongelado = false
pCalado = false
pFome = 66
pSede = 69
pVIP = 0
pCoins = 0
pProfissao = 3
pOrg = 0
pCargo = 0
pProcurado = 0
pMultas = 0
pCasa = -1
