pSenha = 174458
IDF = 1
pSkin = 18
pDinheiro = 98000
pBanco = 0
pIdade = 18
pSegundosJogados = 4776
pAvisos = 0
pCadeia = 0
pAdmin = 7
pLastLogin = 04/09/2023 - 20:01
pInterior = 0
pPosX = -2103.35742187
pPosY = -271.54544067
pPosZ = 34.92966079
pPosA = 354.56655883
pCamX = 617.54028320
pCamY = -5.83249998
pCamZ = 1002.90942382
pCongelado = false
pCalado = false
pFome = 80
pSede = 85
pVIP = 0
pCoins = 10000
pProfissao = 0
pOrg = 0
pCargo = 0
pProcurado = 0
pMultas = 0
pCasa = -1
