pSenha = 35D22E31986F0D463D275B5ACBB14046EB0E3A01F98A7C829EF9E0435171DCCA
pEmail = oioi@gmail.com
IDF = 1
pSexo = 2
pSkin = 31
pDinheiro = 500
pBanco = 0
pIdade = 0
pSegundosJogados = 34
pAvisos = 0
pCadeia = 0
pAdmin = 0
pLastLogin = 16/09/2023 - 21:33
pInterior = 0
pPosX = -1636.26220703
pPosY = 1412.62255859
pPosZ = 7.18750000
pPosA = 136.47016906
pCamX = -1633.88586425
pCamY = 1415.12402343
pCamZ = 8.30319976
pCongelado = false
pCalado = false
pFome = 100
pSede = 100
pVIP = 0
pCoins = 0
pProfissao = 0
pOrg = 0
pCargo = 0
pProcurado = 0
pMultas = 0
pCasa = -1
