pSenha = 174458
IDF = 1
pSkin = 18
pDinheiro = 34086
pBanco = -164
pIdade = 18
pSegundosJogados = 5300
pAvisos = 0
pCadeia = 0
pAdmin = 7
pLastLogin = 05/09/2023 - 20:43
pInterior = 0
pPosX = -1636.03125000
pPosY = 1412.86560058
pPosZ = 7.18750000
pPosA = 136.47016906
pCamX = -1633.11572265
pCamY = 1414.72778320
pCamZ = 8.31639957
pCongelado = false
pCalado = false
pFome = 76
pSede = 77
pVIP = 0
pCoins = 0
pProfissao = 1
pOrg = 0
pCargo = 0
pProcurado = 0
pMultas = 0
pCasa = -1
