pSenha = 35D22E31986F0D463D275B5ACBB14046EB0E3A01F98A7C829EF9E0435171DCCA
pEmail = ieis@gmail.com
IDF = 2
pSexo = 1
pSkin = 3
pDinheiro = 500
pBanco = 0
pIdade = 0
pSegundosJogados = 54
pAvisos = 0
pCadeia = 0
pAdmin = 0
pLastLogin = 16/09/2023 - 21:35
pInterior = 0
pPosX = -1636.26354980
pPosY = 1412.62084960
pPosZ = 7.18750000
pPosA = 136.47016906
pCamX = -1633.27062988
pCamY = 1413.71423339
pCamZ = 9.21780014
pCongelado = false
pCalado = false
pFome = 100
pSede = 100
pVIP = 0
pCoins = 0
pProfissao = 0
pOrg = 0
pCargo = 0
pProcurado = 0
pMultas = 0
pCasa = -1
