pSenha = 35D22E31986F0D463D275B5ACBB14046EB0E3A01F98A7C829EF9E0435171DCCA
pEmail = (null)
IDF = 1
pSexo = 1
pSkin = 137
pDinheiro = 500
pBanco = 0
pIdade = 0
pSegundosJogados = 1130
pAvisos = 0
pCadeia = 0
pAdmin = 7
pLastLogin = 15/09/2023 - 10:26
pInterior = 10
pPosX = 377.76937866
pPosY = -65.17514038
pPosZ = 1001.50781250
pPosA = 346.44854736
pCamX = 378.17620849
pCamY = -66.61380004
pCamZ = 1002.68432617
pCongelado = false
pCalado = false
pFome = 98
pSede = 99
pVIP = 0
pCoins = 0
pProfissao = 5
pOrg = 0
pCargo = 0
pProcurado = 0
pMultas = 0
pCasa = -1
