pSenha = 35D22E31986F0D463D275B5ACBB14046EB0E3A01F98A7C829EF9E0435171DCCA
pEmail = (null)
IDF = 1
pSexo = 1
pSkin = 18
pDinheiro = 500
pBanco = 0
pIdade = 0
pSegundosJogados = 1802
pAvisos = 0
pCadeia = 0
pAdmin = 0
pLastLogin = 16/09/2023 - 15:15
pInterior = 0
pPosX = -2378.27075195
pPosY = -86.48920440
pPosZ = 34.91518783
pPosA = 133.94448852
pCamX = -1705.31677246
pCamY = 1334.87854003
pCamZ = 7.94299983
pCongelado = false
pCalado = false
pFome = 82
pSede = 82
pVIP = 0
pCoins = 0
pProfissao = 0
pOrg = 0
pCargo = 0
pProcurado = 0
pMultas = 0
pCasa = -1
