pSenha = 35D22E31986F0D463D275B5ACBB14046EB0E3A01F98A7C829EF9E0435171DCCA
pEmail = (null)
IDF = 1
pSexo = 1
pSkin = 18
pDinheiro = 1468
pBanco = 0
pIdade = 0
pSegundosJogados = 3484
pAvisos = 0
pCadeia = 0
pAdmin = 7
pLastLogin = 16/09/2023 - 16:09
pInterior = 1
pPosX = 959.57287597
pPosY = 2120.47534179
pPosZ = 1011.02343750
pPosA = 276.33016967
pCamX = 958.30828857
pCamY = 2121.70507812
pCamZ = 1011.87451171
pCongelado = false
pCalado = false
pFome = 65
pSede = 65
pVIP = 0
pCoins = 0
pProfissao = 3
pOrg = 0
pCargo = 0
pProcurado = 0
pMultas = 0
pCasa = -1
