pSenha = 35D22E31986F0D463D275B5ACBB14046EB0E3A01F98A7C829EF9E0435171DCCA
pEmail = luanrosabnh@gmail.com
IDF = 1
pSexo = 1
pSkin = 2
pDinheiro = 992500000
pBanco = 6922920
pIdade = 0
pSegundosJogados = 12852
pAvisos = 0
pCadeia = 0
pLastLogin = 16/11/2023 - 03:33
pInterior = 0
pPosX = 50.00000000
pPosY = 50.00000000
pPosZ = 50.00000000
pPosA = 0.00000000
pCamX = 50.00000000
pCamY = 50.00000000
pCamZ = 50.00000000
pCongelado = false
pCalado = false
pFome = 86
pSede = 86
pCoins = 115000
pProfissao = 0
pOrg = 0
pCargo = 0
pProcurado = 0
pMultas = 13983
pCasa = 33
pLevel = 0
pXP = 0
LicencaConduzir = 0
pNome = Luan de Paula
pNascimento = 21/07/2005
pPai = Adeilton
pMae = Luciene
pRG = 1
pCarteiraT = 0
Pecas = 0
Casa = 33
pVida = 0.00000000
pColete = 0.00000000
