pSenha = 35D22E31986F0D463D275B5ACBB14046EB0E3A01F98A7C829EF9E0435171DCCA
pEmail = (null)
IDF = 1
pSexo = 1
pSkin = 18
pDinheiro = 1165
pBanco = 25000
pIdade = 0
pSegundosJogados = 8936
pAvisos = 0
pCadeia = 0
pAdmin = 7
pLastLogin = 22/09/2023 - 19:43
pInterior = 0
pPosX = -1633.36328125
pPosY = 1420.13525390
pPosZ = 7.18750000
pPosA = 83.22187805
pCamX = -1636.17626953
pCamY = 1420.62927246
pCamZ = 8.04510021
pCongelado = false
pCalado = false
pFome = 28
pSede = 29
pVIP = 3
pCoins = 8528883
pProfissao = 1
pOrg = 0
pCargo = 0
pProcurado = 0
pMultas = 0
pCasa = -1
