pSenha = 35D22E31986F0D463D275B5ACBB14046EB0E3A01F98A7C829EF9E0435171DCCA
pEmail = luanrosabnh@gmail.com
IDF = 1
pSexo = 1
pSkin = 2
pDinheiro = 500
pBanco = 23000
pIdade = 0
pSegundosJogados = 952
pAvisos = 0
pCadeia = 0
pLastLogin = 10/11/2023 - 14:04
pInterior = 0
pPosX = 1482.29614257
pPosY = -1739.62023925
pPosZ = 13.54687500
pPosA = 269.06832885
pCamX = 1479.22717285
pCamY = -1737.94079589
pCamZ = 14.24689960
pCongelado = false
pCalado = false
pFome = 98
pSede = 97
pCoins = 70000
pProfissao = 0
pOrg = 0
pCargo = 0
pProcurado = 0
pMultas = 2758
pCasa = -1
pLevel = 0
pXP = 0
LicencaConduzir = 0
pNome = (null)
pNascimento = (null)
pPai = (null)
pMae = (null)
pRG = 0
pCarteiraT = 0
Pecas = 0
