pSenha = 35D22E31986F0D463D275B5ACBB14046EB0E3A01F98A7C829EF9E0435171DCCA
pEmail = (null)
IDF = 1
pSexo = 1
pSkin = 121
pDinheiro = 500
pBanco = 28651
pIdade = 0
pSegundosJogados = 3324
pAvisos = 0
pCadeia = 0
pAdmin = 7
pLastLogin = 23/09/2023 - 23:32
pInterior = 0
pPosX = -1709.76135253
pPosY = 1337.46289062
pPosZ = 6.89303159
pPosA = 89.98725128
pCamX = -1707.62194824
pCamY = 1333.10595703
pCamZ = 8.51669979
pCongelado = false
pCalado = false
pFome = 72
pSede = 73
pVIP = 3
pCoins = 8000
pProfissao = 0
pOrg = 0
pCargo = 0
pProcurado = 0
pMultas = 0
pCasa = -1
pLevel = 3
pXP = 100
