pSenha = 0EB952ACDEEB50DAB83A6AC479D5C13B1F7E4BD9981189F3EC7189B52E51E171
pEmail = luizhenriquedias@gmail.
IDF = 10066
pSexo = 1
pSkin = 6
pDinheiro = 792
pBanco = -3845
pIdade = 0
pSegundosJogados = 2880
pAvisos = 0
pCadeia = 0
pAdmin = 0
pLastLogin = 13/10/2023 - 21:21
pInterior = 0
pPosX = 667.26654052
pPosY = 852.36474609
pPosZ = -43.21861648
pPosA = 205.19137573
pCamX = 589.14758300
pCamY = 873.11267089
pCamZ = -41.77930068
pCongelado = false
pCalado = false
pFome = 71
pSede = 70
pVIP = 0
pCoins = 0
pProfissao = 2
pOrg = 0
pCargo = 0
pProcurado = 0
pMultas = 0
pCasa = -1
pLevel = 0
pXP = 0
LicencaConduzir = 0
pNome = luiz_dias
pNascimento = 03/08/2000
pPai = nelco
pMae = maria
pRG = 1
pCarteiraT = 0
Pecas = 0
