pSenha = 8875D56B63DF06C78E4731D9691786F1E5E70888A9170B62058CFEA0C12E9A11
pEmail = luizcotias869@gmail.com
IDF = 72
pSexo = 1
pSkin = 18
pDinheiro = 500
pBanco = 0
pIdade = 0
pSegundosJogados = 32
pAvisos = 0
pCadeia = 0
pLastLogin = 11/11/2023 - 18:05
pInterior = 0
pPosX = 1685.18041992
pPosY = -2332.33642578
pPosZ = 13.54687500
pPosA = 197.28372192
pCamX = 1685.60498046
pCamY = -2335.24072265
pCamZ = 14.45689964
pCongelado = false
pCalado = false
pFome = 100
pSede = 100
pCoins = 0
pProfissao = 0
pOrg = 0
pCargo = 0
pProcurado = 0
pMultas = 0
pCasa = -1
pLevel = 0
pXP = 0
LicencaConduzir = 0
pNome = (null)
pNascimento = (null)
pPai = (null)
pMae = (null)
pRG = 0
pCarteiraT = 0
Pecas = 0
