pSenha = 21175921A6FA80F31DED82C2E56D75E77E986A79F7059C5A5EC5ADD49E18E0B1
pEmail = flaiuffyr@gmail.com
IDF = 17
pSexo = 1
pSkin = 165
pDinheiro = 8533
pBanco = 0
pIdade = 0
pSegundosJogados = 2266
pAvisos = 0
pCadeia = 0
pLastLogin = 11/11/2023 - 18:36
pInterior = 0
pPosX = 2076.46362304
pPosY = -1792.41137695
pPosZ = 13.54687500
pPosA = 346.49951171
pCamX = 2074.82299804
pCamY = -1798.79199218
pCamZ = 15.09829998
pCongelado = false
pCalado = false
pFome = 54
pSede = 61
pCoins = 6000
pProfissao = 1
pOrg = 0
pCargo = 0
pProcurado = 0
pMultas = 0
pCasa = -1
pLevel = 0
pXP = 0
LicencaConduzir = 0
pNome = malvadinho
pNascimento = 14/05/2000
pPai = Malvadao
pMae = malvadinha
pRG = 1
pCarteiraT = 0
Pecas = 0
