pSenha = 21175921A6FA80F31DED82C2E56D75E77E986A79F7059C5A5EC5ADD49E18E0B1
pEmail = flaiuffyr@gmail.com
IDF = 17
pSexo = 1
pSkin = 165
pDinheiro = 200
pBanco = 0
pIdade = 0
pSegundosJogados = 466
pAvisos = 0
pCadeia = 0
pLastLogin = 10/11/2023 - 18:45
pInterior = 0
pPosX = 1030.13122558
pPosY = -1818.00952148
pPosZ = 13.34536933
pPosA = 114.50509643
pCamX = 1785.22839355
pCamY = -1905.06359863
pCamZ = 14.75349998
pCongelado = false
pCalado = false
pFome = 94
pSede = 93
pCoins = 0
pProfissao = 0
pOrg = 0
pCargo = 0
pProcurado = 0
pMultas = 0
pCasa = -1
pLevel = 0
pXP = 0
LicencaConduzir = 0
pNome = malvadinho
pNascimento = 14/05/2000
pPai = Malvadao
pMae = malvadinha
pRG = 1
pCarteiraT = 0
Pecas = 0
