pSenha = 2DAC39DAA312910AA7C0DE247CAB0573AABFF5FDFDD9CB776A40901F33C1A865
pEmail = dgbeiramar@gmail.com
IDF = 63
pSexo = 1
pSkin = 2
pDinheiro = 200
pBanco = 0
pIdade = 0
pSegundosJogados = 934
pAvisos = 0
pCadeia = 0
pLastLogin = 11/11/2023 - 17:16
pInterior = 0
pPosX = -2032.08496093
pPosY = 175.70678710
pPosZ = 28.83593750
pPosA = 252.58270263
pCamX = -2032.82116699
pCamY = 172.43600463
pCamZ = 30.01000022
pCongelado = false
pCalado = false
pFome = 95
pSede = 90
pCoins = 0
pProfissao = 0
pOrg = 0
pCargo = 0
pProcurado = 0
pMultas = 3001
pCasa = -1
pLevel = 0
pXP = 0
LicencaConduzir = 0
pNome = Urso
pNascimento = 30031997
pPai = Manoel Pinga
pMae = Maria Fuba
pRG = 1
pCarteiraT = 0
Pecas = 0
