pSenha = 0866DCC57008075C98CC5EAB2756CD4BAC94A1C2AF873EEEC8F01A8AB4663D0A
pEmail = lucas157matus@gmail.com
IDF = 75
pSexo = 1
pSkin = 2
pDinheiro = 500
pBanco = 0
pIdade = 0
pSegundosJogados = 24
pAvisos = 0
pCadeia = 0
pLastLogin = 11/11/2023 - 18:22
pInterior = 0
pPosX = 1683.82604980
pPosY = -2332.31005859
pPosZ = 13.54687500
pPosA = 359.90722656
pCamX = 1685.13745117
pCamY = -2335.22290039
pCamZ = 13.56470012
pCongelado = false
pCalado = false
pFome = 100
pSede = 100
pCoins = 70000
pProfissao = 0
pOrg = 0
pCargo = 0
pProcurado = 0
pMultas = 0
pCasa = -1
pLevel = 0
pXP = 0
LicencaConduzir = 0
pNome = (null)
pNascimento = (null)
pPai = (null)
pMae = (null)
pRG = 0
pCarteiraT = 0
Pecas = 0
