pSenha = 6484D54194E58EA87A0080CC1C41092E0A973A3F5F590E50A1A96E41ED30776F
pEmail = sentanobugalu@gmail.com
IDF = 10029
pSexo = 1
pSkin = 3
pDinheiro = 470
pBanco = 30
pIdade = 0
pSegundosJogados = 646
pAvisos = 0
pCadeia = 0
pAdmin = 0
pLastLogin = 02/10/2023 - 21:46
pInterior = 0
pPosX = -1994.06542968
pPosY = 140.89181518
pPosZ = 112.53558349
pPosA = 353.44830322
pCamX = -1994.47204589
pCamY = 137.35090637
pCamZ = 79.54409790
pCongelado = false
pCalado = false
pFome = 85
pSede = 80
pVIP = 0
pCoins = 0
pProfissao = 0
pOrg = 0
pCargo = 0
pProcurado = 0
pMultas = 0
pCasa = -1
pLevel = 0
pXP = 0
LicencaConduzir = 0
pNome = Mauricio Bugalu
pNascimento = 1/1/2001
pPai = Marcos Bugalao
pMae = Benca Bugaluda
pRG = 1
pCarteiraT = 0
