pSenha = 4C90C01A1950E60AF14615E54FF05DC00E69CD96DD4DB0C88EBDB93C6D9F422F
pEmail = CHUPACUDOLUAN@GMAIL.COM
IDF = 10028
pSexo = 1
pSkin = 69
pDinheiro = 500
pBanco = 0
pIdade = 0
pSegundosJogados = 34
pAvisos = 0
pCadeia = 0
pAdmin = 0
pLastLogin = 02/10/2023 - 21:31
pInterior = 0
pPosX = 2025.85900878
pPosY = 1197.18701171
pPosZ = 10.82031250
pPosA = 309.84512329
pCamX = 2026.35302734
pCamY = 1193.23425292
pCamZ = 10.80109977
pCongelado = false
pCalado = false
pFome = 100
pSede = 100
pVIP = 0
pCoins = 0
pProfissao = 0
pOrg = 0
pCargo = 0
pProcurado = 0
pMultas = 0
pCasa = -1
pLevel = 0
pXP = 0
LicencaConduzir = 0
pNome = (null)
pNascimento = (null)
pPai = (null)
pMae = (null)
pRG = 0
pCarteiraT = 0
