pSenha = 55CBA6BE5ED3E7CDFC651D6BA37E099E62CB269B623F90C4CE8392E4152C8035
pEmail = Fernandolimaalmeida21@g
IDF = 38
pSexo = 1
pSkin = 6
pDinheiro = 500
pBanco = -767
pIdade = 0
pSegundosJogados = 82
pAvisos = 0
pCadeia = 0
pLastLogin = 10/11/2023 - 17:46
pInterior = 0
pPosX = 1686.83654785
pPosY = -2264.26293945
pPosZ = 13.48287391
pPosA = 355.85433959
pCamX = 1687.05285644
pCamY = -2266.77270507
pCamZ = 13.84710025
pCongelado = false
pCalado = false
pFome = 92
pSede = 93
pCoins = 0
pProfissao = 0
pOrg = 0
pCargo = 0
pProcurado = 0
pMultas = 0
pCasa = -1
pLevel = 0
pXP = 0
LicencaConduzir = 0
pNome = (null)
pNascimento = (null)
pPai = (null)
pMae = (null)
pRG = 0
pCarteiraT = 0
Pecas = 0
