pSenha = 76E12B06D0D21B66421D716160B4E0E40E17AEE701B71DA95E00388B3955BEF6
pEmail = kacleidson@gmail.com
IDF = 10041
pSexo = 1
pSkin = 2
pDinheiro = 2000
pBanco = 0
pIdade = 0
pSegundosJogados = 1698
pAvisos = 0
pCadeia = 0
pAdmin = 0
pLastLogin = 16/10/2023 - 22:40
pInterior = 0
pPosX = -2024.81628417
pPosY = -95.75321197
pPosZ = 35.16406250
pPosA = 355.87326049
pCamX = -2026.58776855
pCamY = -98.42510223
pCamZ = 36.35739898
pCongelado = false
pCalado = false
pFome = 83
pSede = 78
pVIP = 1
pCoins = 0
pProfissao = 0
pOrg = 12
pCargo = 3
pProcurado = 0
pMultas = 0
pCasa = -1
pLevel = 0
pXP = 0
LicencaConduzir = 0
pNome = Kyan_Neves
pNascimento = 05/06/1998
pPai = N/A
pMae = N/A
pRG = 1
pCarteiraT = 0
Pecas = 0
