pSenha = 986154A7E04458D82B396BE938F91FF30151CF53BC5F0A5A0336A1E71BAE726C
pEmail = pcns32@gmail.com
IDF = 19
pSexo = 1
pSkin = 134
pDinheiro = 2231
pBanco = 0
pIdade = 0
pSegundosJogados = 1306
pAvisos = 0
pCadeia = 0
pLastLogin = 10/11/2023 - 16:35
pInterior = 0
pPosX = 1257.79052734
pPosY = -1263.03942871
pPosZ = 17.82136535
pPosA = 191.90246582
pCamX = 1258.12780761
pCamY = -1261.05139160
pCamZ = 17.46839904
pCongelado = false
pCalado = false
pFome = 84
pSede = 83
pCoins = 0
pProfissao = 5
pOrg = 0
pCargo = 0
pProcurado = 0
pMultas = 0
pCasa = -1
pLevel = 0
pXP = 0
LicencaConduzir = 0
pNome = NightZ
pNascimento = 20/08/2006
pPai = Renato Silva
pMae = Daniella Joyce
pRG = 1
pCarteiraT = 0
Pecas = 0
