pSenha = B18B0FAABD1CC48C01A03CDF74CA04A7E8C7495C55851488795BADF4048EEEED
pEmail = lm842357@gmail.com
IDF = 10052
pSexo = 1
pSkin = 49
pDinheiro = 500
pBanco = 0
pIdade = 0
pSegundosJogados = 100
pAvisos = 0
pCadeia = 0
pAdmin = 0
pLastLogin = 07/10/2023 - 17:38
pInterior = 0
pPosX = -2026.85351562
pPosY = -288.27859497
pPosZ = 34.93869400
pPosA = 50.50296783
pCamX = -1988.65576171
pCamY = 137.24569702
pCamZ = 28.73460006
pCongelado = false
pCalado = false
pFome = 0
pSede = 0
pVIP = 0
pCoins = 0
pProfissao = 0
pOrg = 0
pCargo = 0
pProcurado = 0
pMultas = 0
pCasa = -1
pLevel = 0
pXP = 0
LicencaConduzir = 0
pNome = (null)
pNascimento = (null)
pPai = (null)
pMae = (null)
pRG = 0
pCarteiraT = 0
