pSenha = 81F20069D892C66159F4A78B8CB9B0FD6323D210C8E12E8B598885074CD73491
pEmail = maiavinicius569@gmail.c
IDF = 59
pSexo = 1
pSkin = 49
pDinheiro = 1954
pBanco = 0
pIdade = 0
pSegundosJogados = 3158
pAvisos = 0
pCadeia = 0
pLastLogin = 11/11/2023 - 19:30
pInterior = 0
pPosX = 1465.60949707
pPosY = -1627.68432617
pPosZ = 13.64554214
pPosA = 350.09814453
pCamX = 1465.37475585
pCamY = -1631.42565917
pCamZ = 14.98139953
pCongelado = false
pCalado = false
pFome = 59
pSede = 60
pCoins = 0
pProfissao = 6
pOrg = 0
pCargo = 0
pProcurado = 0
pMultas = 2978
pCasa = -1
pLevel = 0
pXP = 0
LicencaConduzir = 0
pNome = vinicius maia bernardino
pNascimento = 06/03/2009
pPai = jose erivan vicente bernardino
pMae = fracisca vania alves maia
pRG = 1
pCarteiraT = 1
Pecas = 0
