pSenha = 13E564AE364E275BE3941A3134B36A6A5CCA4EF6159AA1F4B23E3B438519D1DC
pEmail = zbranco577@gmail.com
IDF = 2
pSexo = 1
pSkin = 1
pDinheiro = 500
pBanco = -1809
pIdade = 0
pSegundosJogados = 3446
pAvisos = 0
pCadeia = 0
pLastLogin = 11/11/2023 - 18:24
pInterior = 0
pPosX = 1685.63488769
pPosY = -2321.09277343
pPosZ = 13.38281250
pPosA = 336.74172973
pCamX = 1687.00061035
pCamY = -2317.95922851
pCamZ = 14.67809963
pCongelado = false
pCalado = false
pFome = 92
pSede = 93
pCoins = 0
pProfissao = 0
pOrg = 0
pCargo = 0
pProcurado = 0
pMultas = 0
pCasa = -1
pLevel = 0
pXP = 0
LicencaConduzir = 0
pNome = (null)
pNascimento = (null)
pPai = (null)
pMae = (null)
pRG = 0
pCarteiraT = 0
Pecas = 0
