pSenha = 13E564AE364E275BE3941A3134B36A6A5CCA4EF6159AA1F4B23E3B438519D1DC
pEmail = zbranco577@gmail.com
IDF = 2
pSexo = 1
pSkin = 1
pDinheiro = 500
pBanco = -1809
pIdade = 0
pSegundosJogados = 3100
pAvisos = 0
pCadeia = 0
pLastLogin = 10/11/2023 - 17:05
pInterior = 0
pPosX = 1616.07006835
pPosY = -2326.19335937
pPosZ = 13.54687500
pPosA = 263.74038696
pCamX = 1610.61914062
pCamY = -2325.59570312
pCamZ = 15.21580028
pCongelado = false
pCalado = false
pFome = 38
pSede = 39
pCoins = 0
pProfissao = 0
pOrg = 0
pCargo = 0
pProcurado = 0
pMultas = 0
pCasa = -1
pLevel = 0
pXP = 0
LicencaConduzir = 0
pNome = (null)
pNascimento = (null)
pPai = (null)
pMae = (null)
pRG = 0
pCarteiraT = 0
Pecas = 0
