pSenha = 68671B9904624C0CB39FC3311C948A0CC17A93245357C72270260A5AACB4E337
pEmail = netinhofmmobile@gmail.c
IDF = 10081
pSexo = 1
pSkin = 2
pDinheiro = 704
pBanco = -921
pIdade = 0
pSegundosJogados = 4278
pAvisos = 0
pCadeia = 0
pAdmin = 0
pLastLogin = 19/10/2023 - 00:04
pInterior = 0
pPosX = -2739.33422851
pPosY = -208.48487854
pPosZ = 6.76309394
pPosA = 93.11462402
pCamX = -2057.25024414
pCamY = -285.68740844
pCamZ = 36.73180007
pCongelado = false
pCalado = false
pFome = 49
pSede = 53
pVIP = 0
pCoins = 0
pProfissao = 6
pOrg = 0
pCargo = 0
pProcurado = 0
pMultas = 0
pCasa = -1
pLevel = 0
pXP = 0
LicencaConduzir = 0
pNome = Pastor_kofoi 
pNascimento = 8/3/2008
pPai = red berama
pMae = mia
pRG = 1
pCarteiraT = 0
Pecas = 0
