pSenha = EA273FF395B7A44455B3C1F6288DEA4DF79BF562BF992C3F87F4DE343244EE27
pEmail = pauloaraujob101@gmail.c
IDF = 23
pSexo = 1
pSkin = 108
pDinheiro = 500
pBanco = 0
pIdade = 0
pSegundosJogados = 34
pAvisos = 0
pCadeia = 0
pLastLogin = 10/11/2023 - 16:24
pInterior = 0
pPosX = 1686.39074707
pPosY = -2323.33544921
pPosZ = 13.38281250
pPosA = 2.57982301
pCamX = 1689.24560546
pCamY = -2321.38452148
pCamZ = 13.93039989
pCongelado = false
pCalado = false
pFome = 100
pSede = 100
pCoins = 0
pProfissao = 0
pOrg = 0
pCargo = 0
pProcurado = 0
pMultas = 0
pCasa = -1
pLevel = 0
pXP = 0
LicencaConduzir = 0
pNome = (null)
pNascimento = (null)
pPai = (null)
pMae = (null)
pRG = 0
pCarteiraT = 0
Pecas = 0
