pSenha = 11450C3C6E3B4744EFAA7B5F8F3FDD6A389F4F8849D5AC9D150470A67F4BCF61
pEmail = matheusallysson827@gmai
IDF = 51
pSexo = 1
pSkin = 2
pDinheiro = 500
pBanco = 0
pIdade = 0
pSegundosJogados = 70
pAvisos = 0
pCadeia = 0
pLastLogin = 10/11/2023 - 20:31
pInterior = 0
pPosX = 1630.29724121
pPosY = -2318.78222656
pPosZ = 12.98029518
pPosA = 331.17321777
pCamX = 1681.49377441
pCamY = -2315.01538085
pCamZ = 14.53139972
pCongelado = false
pCalado = false
pFome = 100
pSede = 100
pCoins = 0
pProfissao = 0
pOrg = 0
pCargo = 0
pProcurado = 0
pMultas = 0
pCasa = -1
pLevel = 0
pXP = 0
LicencaConduzir = 0
pNome = (null)
pNascimento = (null)
pPai = (null)
pMae = (null)
pRG = 0
pCarteiraT = 0
Pecas = 0
