pSenha = BF99E1041A964E51A5E6895CCFC91096A795D0DF5F83B0D1AD551EE35EAB11A0
pEmail = ruangameplay875@gmail.c
IDF = 10083
pSexo = 1
pSkin = 230
pDinheiro = 500
pBanco = 0
pIdade = 0
pSegundosJogados = 400
pAvisos = 0
pCadeia = 0
pAdmin = 0
pLastLogin = 18/10/2023 - 23:18
pInterior = 0
pPosX = -1806.01245117
pPosY = 195.50592041
pPosZ = 14.55867004
pPosA = 138.00834655
pCamX = -1997.65258789
pCamY = 149.94400024
pCamZ = 28.83720016
pCongelado = false
pCalado = false
pFome = 97
pSede = 95
pVIP = 0
pCoins = 0
pProfissao = 0
pOrg = 0
pCargo = 0
pProcurado = 0
pMultas = 0
pCasa = -1
pLevel = 0
pXP = 0
LicencaConduzir = 0
pNome = (null)
pNascimento = (null)
pPai = (null)
pMae = (null)
pRG = 0
pCarteiraT = 0
Pecas = 0
