pSenha = C7BF38270F3A7ADEE85B93B7DD327AF68DC1E4415B8BC53A0DDD3959FCCE9528
pEmail = cauasilvamitanda157@gma
IDF = 10079
pSexo = 1
pSkin = 4
pDinheiro = 500
pBanco = 0
pIdade = 0
pSegundosJogados = 610
pAvisos = 0
pCadeia = 0
pAdmin = 0
pLastLogin = 19/10/2023 - 00:11
pInterior = 0
pPosX = 261.70971679
pPosY = -11.05735778
pPosZ = 2.23662686
pPosA = 25.87868881
pCamX = 265.35549926
pCamY = -12.61839962
pCamZ = 2.97690010
pCongelado = false
pCalado = false
pFome = 98
pSede = 95
pVIP = 0
pCoins = 1000
pProfissao = 0
pOrg = 0
pCargo = 0
pProcurado = 0
pMultas = 0
pCasa = -1
pLevel = 0
pXP = 0
LicencaConduzir = 0
pNome = (null)
pNascimento = (null)
pPai = (null)
pMae = (null)
pRG = 0
pCarteiraT = 0
Pecas = 0
