pSenha = 0B1E023D70BD67A44D2F7F4D480D3B265DB958B345CD6F5332332BFC0C8B9956
pEmail = maxfdfo@gmail.com
IDF = 10015
pSexo = 1
pSkin = 15
pDinheiro = 500
pBanco = 0
pIdade = 0
pSegundosJogados = 962
pAvisos = 0
pCadeia = 0
pAdmin = 0
pLastLogin = 30/09/2023 - 17:20
pInterior = 5
pPosX = 403.37823486
pPosY = -120.50805664
pPosZ = 687.69439697
pPosA = 257.41290283
pCamX = 400.85641479
pCamY = -119.94450378
pCamZ = 696.62091064
pCongelado = false
pCalado = false
pFome = 81
pSede = 80
pVIP = 0
pCoins = 0
pProfissao = 0
pOrg = 0
pCargo = 0
pProcurado = 0
pMultas = 0
pCasa = -1
pLevel = 0
pXP = 0
LicencaConduzir = 1
pNome = Mateus Bittencourt
pNascimento = 07/04/2000
pPai = Adrian bittencourt
pMae = Maria Fernanda
pRG = 0
pCarteiraT = 0
