pSenha = 5416483187FB1968EDCBD617557EE2D0DE8F0DFDB9D06D7BA11F1C22B678BE94
pEmail = cayo.rodrigues500@gmail
IDF = 45
pSexo = 1
pSkin = 250
pDinheiro = 1344
pBanco = -1381
pIdade = 0
pSegundosJogados = 1572
pAvisos = 0
pCadeia = 0
pLastLogin = 10/11/2023 - 20:03
pInterior = 0
pPosX = 1273.62109375
pPosY = -1291.59484863
pPosZ = 13.48089504
pPosA = 179.17219543
pCamX = 1273.12341308
pCamY = -1288.47265625
pCamZ = 15.17199993
pCongelado = false
pCalado = false
pFome = 78
pSede = 79
pCoins = 0
pProfissao = 5
pOrg = 0
pCargo = 0
pProcurado = 0
pMultas = 0
pCasa = -1
pLevel = 0
pXP = 0
LicencaConduzir = 0
pNome = Cayo Picasso
pNascimento = 11/08/2000
pPai = Jacinto Picasso
pMae = Maria Picasso
pRG = 1
pCarteiraT = 0
Pecas = 0
