pSenha = B1B4725B514850ED77C55E4EB8DFFA62ADEEEBDB353CCB55DE773C30775EE97F
pEmail = reissdelax123@gmail.com
IDF = 34
pSexo = 1
pSkin = 23
pDinheiro = 500
pBanco = 0
pIdade = 0
pSegundosJogados = 132
pAvisos = 0
pCadeia = 0
pLastLogin = 10/11/2023 - 23:31
pInterior = 0
pPosX = 1680.24267578
pPosY = -2323.52221679
pPosZ = 13.38281250
pPosA = 66.49933624
pCamX = 1685.42199707
pCamY = -2323.81005859
pCamZ = 15.38840007
pCongelado = false
pCalado = false
pFome = 97
pSede = 99
pCoins = 0
pProfissao = 0
pOrg = 0
pCargo = 0
pProcurado = 0
pMultas = 0
pCasa = -1
pLevel = 0
pXP = 0
LicencaConduzir = 0
pNome = (null)
pNascimento = (null)
pPai = (null)
pMae = (null)
pRG = 0
pCarteiraT = 0
Pecas = 0
