pSenha = B1B4725B514850ED77C55E4EB8DFFA62ADEEEBDB353CCB55DE773C30775EE97F
pEmail = reissdelax123@gmail.com
IDF = 34
pSexo = 1
pSkin = 23
pDinheiro = 500
pBanco = 0
pIdade = 0
pSegundosJogados = 54
pAvisos = 0
pCadeia = 0
pLastLogin = 10/11/2023 - 17:22
pInterior = 0
pPosX = 1686.51818847
pPosY = -2329.89843750
pPosZ = 13.54687500
pPosA = 356.14648437
pCamX = 1689.05700683
pCamY = -2332.77539062
pCamZ = 15.44779968
pCongelado = false
pCalado = false
pFome = 97
pSede = 99
pCoins = 0
pProfissao = 0
pOrg = 0
pCargo = 0
pProcurado = 0
pMultas = 0
pCasa = -1
pLevel = 0
pXP = 0
LicencaConduzir = 0
pNome = (null)
pNascimento = (null)
pPai = (null)
pMae = (null)
pRG = 0
pCarteiraT = 0
Pecas = 0
