pSenha = ABCE354CC49EC3C9A071A13F524E8F74302B60BDCF6C0573A251DF0736A52821
pEmail = henriquejose1257@gmail.
IDF = 10024
pSexo = 1
pSkin = 0
pDinheiro = 500
pBanco = 0
pIdade = 0
pSegundosJogados = 2536
pAvisos = 0
pCadeia = 0
pAdmin = 0
pLastLogin = 06/10/2023 - 10:26
pInterior = 0
pPosX = -2010.68395996
pPosY = -998.34497070
pPosZ = 37.25468063
pPosA = 320.60693359
pCamX = -2013.23315429
pCamY = -998.46862792
pCamZ = 39.71229934
pCongelado = false
pCalado = false
pFome = -3
pSede = -3
pVIP = 0
pCoins = 0
pProfissao = 0
pOrg = 0
pCargo = 0
pProcurado = 0
pMultas = 0
pCasa = -1
pLevel = 0
pXP = 0
LicencaConduzir = 0
pNome = Roberto Costa Ferreira 
pNascimento = 16/03/1989
pPai = Ronaldo Costa
pMae = Graziela Ferreira Costa
pRG = 1
pCarteiraT = 0
