pSenha = FE9E7C1B72FEFA5221EEA8E9590293686AA52F1A27CE176C0B25B4DB976B4846
pEmail = robertfasico@gmail.com
IDF = 47
pSexo = 1
pSkin = 73
pDinheiro = 500
pBanco = 0
pIdade = 0
pSegundosJogados = 394
pAvisos = 0
pCadeia = 0
pLastLogin = 10/11/2023 - 23:56
pInterior = 0
pPosX = 1992.55444335
pPosY = 1167.58862304
pPosZ = 22.51857757
pPosA = 315.09136962
pCamX = 1991.95959472
pCamY = 1171.52014160
pCamZ = 23.33790016
pCongelado = false
pCalado = false
pFome = 95
pSede = 96
pCoins = 0
pProfissao = 0
pOrg = 0
pCargo = 0
pProcurado = 0
pMultas = 0
pCasa = -1
pLevel = 0
pXP = 0
LicencaConduzir = 0
pNome = (null)
pNascimento = (null)
pPai = (null)
pMae = (null)
pRG = 0
pCarteiraT = 0
Pecas = 0
