pSenha = FE9E7C1B72FEFA5221EEA8E9590293686AA52F1A27CE176C0B25B4DB976B4846
pEmail = robertfasico@gmail.com
IDF = 47
pSexo = 1
pSkin = 73
pDinheiro = 500
pBanco = 0
pIdade = 0
pSegundosJogados = 0
pAvisos = 0
pCadeia = 0
pLastLogin = 10/11/2023 - 19:55
pInterior = 0
pPosX = 1981.03894042
pPosY = 1191.06140136
pPosZ = 27.82825851
pPosA = 0.00000000
pCamX = 1981.03894042
pCamY = 1191.06140136
pCamZ = 27.82825851
pCongelado = false
pCalado = false
pFome = 100
pSede = 100
pCoins = 0
pProfissao = 0
pOrg = 0
pCargo = 0
pProcurado = 0
pMultas = 0
pCasa = -1
pLevel = 0
pXP = 0
LicencaConduzir = 0
pNome = (null)
pNascimento = (null)
pPai = (null)
pMae = (null)
pRG = 0
pCarteiraT = 0
Pecas = 0
