pSenha = 13E564AE364E275BE3941A3134B36A6A5CCA4EF6159AA1F4B23E3B438519D1DC
pEmail = zbranco577@gmail.com
IDF = 10077
pSexo = 2
pSkin = 11
pDinheiro = 500
pBanco = 0
pIdade = 0
pSegundosJogados = 2070
pAvisos = 0
pCadeia = 0
pAdmin = 0
pLastLogin = 18/10/2023 - 16:02
pInterior = 0
pPosX = -1986.93334960
pPosY = 141.10102844
pPosZ = 27.53906250
pPosA = 317.67291259
pCamX = -1984.19079589
pCamY = 139.06449890
pCamZ = 28.96920013
pCongelado = false
pCalado = false
pFome = 78
pSede = 80
pVIP = 0
pCoins = 0
pProfissao = 0
pOrg = 0
pCargo = 0
pProcurado = 0
pMultas = 0
pCasa = -1
pLevel = 0
pXP = 0
LicencaConduzir = 0
pNome = Robert Kelvany
pNascimento = 06022000
pPai = Josesvaldo
pMae = Mariana
pRG = 1
pCarteiraT = 0
Pecas = 0
