pSenha = E993C4CD22B920227861FF8F8173B7787602DAD878FD22F44084CA96431226B8
pEmail = Washingtonramiro12@gmai
IDF = 18
pSexo = 1
pSkin = 21
pDinheiro = 500
pBanco = 0
pIdade = 0
pSegundosJogados = 132
pAvisos = 0
pCadeia = 0
pLastLogin = 10/11/2023 - 15:54
pInterior = 0
pPosX = 1690.19421386
pPosY = -2326.13793945
pPosZ = 13.54687500
pPosA = 207.22668457
pCamX = 1688.38085937
pCamY = -2323.83032226
pCamZ = 16.03529930
pCongelado = false
pCalado = false
pFome = 100
pSede = 100
pCoins = 0
pProfissao = 0
pOrg = 0
pCargo = 0
pProcurado = 0
pMultas = 0
pCasa = -1
pLevel = 0
pXP = 0
LicencaConduzir = 0
pNome = (null)
pNascimento = (null)
pPai = (null)
pMae = (null)
pRG = 0
pCarteiraT = 0
Pecas = 0
