pSenha = E7D4C98FF950D57B0DB68FDF8E6D9FB34BDC07D151C8B7C6EB9D4D4CC04C335C
pEmail = joelaguiarmartins835@gm
IDF = 41
pSexo = 1
pSkin = 28
pDinheiro = 500
pBanco = 0
pIdade = 0
pSegundosJogados = 100
pAvisos = 0
pCadeia = 0
pLastLogin = 10/11/2023 - 18:32
pInterior = 0
pPosX = 1737.75939941
pPosY = -2164.27001953
pPosZ = 13.14984416
pPosA = 337.86746215
pCamX = 1686.53002929
pCamY = -2312.77929687
pCamZ = 14.51519966
pCongelado = false
pCalado = false
pFome = 100
pSede = 100
pCoins = 0
pProfissao = 0
pOrg = 0
pCargo = 0
pProcurado = 0
pMultas = 0
pCasa = -1
pLevel = 0
pXP = 0
LicencaConduzir = 0
pNome = (null)
pNascimento = (null)
pPai = (null)
pMae = (null)
pRG = 0
pCarteiraT = 0
Pecas = 0
