pSenha = E7D4C98FF950D57B0DB68FDF8E6D9FB34BDC07D151C8B7C6EB9D4D4CC04C335C
pEmail = joelaguiarmartins835@gm
IDF = 41
pSexo = 1
pSkin = 28
pDinheiro = 500
pBanco = 0
pIdade = 0
pSegundosJogados = 1284
pAvisos = 0
pCadeia = 0
pLastLogin = 11/11/2023 - 18:03
pInterior = 0
pPosX = 1490.95898437
pPosY = -1742.74084472
pPosZ = 13.54687500
pPosA = 195.41621398
pCamX = 1494.17626953
pCamY = -1741.41760253
pCamZ = 14.31130027
pCongelado = false
pCalado = false
pFome = 74
pSede = 78
pCoins = 0
pProfissao = 0
pOrg = 0
pCargo = 0
pProcurado = 0
pMultas = 0
pCasa = -1
pLevel = 0
pXP = 0
LicencaConduzir = 0
pNome = Ruyter Paraibano Conzaga
pNascimento = 05/05/2000
pPai = Ruyter Fabrcio Moura
pMae = Lucia Gonzaga da silva
pRG = 1
pCarteiraT = 1
Pecas = 0
