pSenha = 155C0461C0989075BA2D638FDD986F575FA93853D218962B1DB53699062272C0
pEmail = ygraiuvyd@gmail.com
IDF = 10025
pSexo = 1
pSkin = 2
pDinheiro = 500
pBanco = 0
pIdade = 0
pSegundosJogados = 912
pAvisos = 0
pCadeia = 0
pAdmin = 2
pLastLogin = 01/10/2023 - 16:08
pInterior = 0
pPosX = 50.00000000
pPosY = 50.00000000
pPosZ = 50.00000000
pPosA = 0.00000000
pCamX = 50.00000000
pCamY = 50.00000000
pCamZ = 50.00000000
pCongelado = false
pCalado = false
pFome = 94
pSede = 90
pVIP = 0
pCoins = 0
pProfissao = 0
pOrg = 0
pCargo = 0
pProcurado = 0
pMultas = 0
pCasa = -1
pLevel = 0
pXP = 0
LicencaConduzir = 0
pNome = (null)
pNascimento = (null)
pPai = (null)
pMae = (null)
pRG = 0
pCarteiraT = 0
