pSenha = 7A9EA1ED4876C303A7E53ABDAFFDF87412A2A25CBF0D196C0F0AF4F7AE0DADA2
pEmail = samuellima1415@gmail.co
IDF = 65
pSexo = 1
pSkin = 2
pDinheiro = 500
pBanco = 0
pIdade = 0
pSegundosJogados = 58
pAvisos = 0
pCadeia = 0
pLastLogin = 11/11/2023 - 17:05
pInterior = 0
pPosX = 1604.63952636
pPosY = -2072.35668945
pPosZ = 19.72685241
pPosA = 248.80661010
pCamX = 1602.02368164
pCamY = -2070.53076171
pCamZ = 19.68309974
pCongelado = false
pCalado = false
pFome = 100
pSede = 100
pCoins = 0
pProfissao = 0
pOrg = 0
pCargo = 0
pProcurado = 0
pMultas = 0
pCasa = -1
pLevel = 0
pXP = 0
LicencaConduzir = 0
pNome = (null)
pNascimento = (null)
pPai = (null)
pMae = (null)
pRG = 0
pCarteiraT = 0
Pecas = 0
