pSenha = 66D46CB630ED3CC71360597E4644171BCA24CBC3D50FCB2E78F23969ACA72466
pEmail = legalsamuel5@gmail.com
IDF = 70
pSexo = 1
pSkin = 33
pDinheiro = 500
pBanco = 0
pIdade = 0
pSegundosJogados = 28
pAvisos = 0
pCadeia = 0
pLastLogin = 11/11/2023 - 17:40
pInterior = 0
pPosX = 1980.29760742
pPosY = 1191.64099121
pPosZ = 26.87970924
pPosA = 90.14529418
pCamX = 1983.64843750
pCamY = 1192.55224609
pCamZ = 27.78779983
pCongelado = false
pCalado = false
pFome = 100
pSede = 100
pCoins = 0
pProfissao = 0
pOrg = 0
pCargo = 0
pProcurado = 0
pMultas = 0
pCasa = -1
pLevel = 0
pXP = 0
LicencaConduzir = 0
pNome = (null)
pNascimento = (null)
pPai = (null)
pMae = (null)
pRG = 0
pCarteiraT = 0
Pecas = 0
