pSenha = 2CC6B434387B1629183C669ECE8D2DA827B2670670B185D86A7984613825A232
pEmail = (null)
IDF = 71
pSexo = 0
pSkin = 0
pDinheiro = 13957
pBanco = 0
pIdade = 0
pSegundosJogados = 1876
pAvisos = 0
pCadeia = 0
pLastLogin = 11/11/2023 - 18:54
pInterior = 0
pPosX = -1910.27307128
pPosY = 277.79513549
pPosZ = 42.54837036
pPosA = 206.38742065
pCamX = -1910.51354980
pCamY = 279.11959838
pCamZ = 47.10670089
pCongelado = false
pCalado = false
pFome = 31
pSede = 34
pCoins = 1000
pProfissao = 0
pOrg = 0
pCargo = 0
pProcurado = 0
pMultas = 216
pCasa = -1
pLevel = 0
pXP = 0
LicencaConduzir = 0
pNome = Sena Souffer
pNascimento = 14/09/2005
pPai = Rodrigo Sena
pMae = Katiucy Sena
pRG = 1
pCarteiraT = 1
Pecas = 0
