pSenha = 851F7B1BF41019BB6B5D0E5E01B3B0512610A9FDF77A51524B420A2D54E73F28
pEmail = srbugado443@gmail.com
IDF = 4
pSexo = 1
pSkin = 18
pDinheiro = 500
pBanco = 0
pIdade = 0
pSegundosJogados = 716
pAvisos = 0
pCadeia = 0
pLastLogin = 10/11/2023 - 18:02
pInterior = 0
pPosX = 50.00000000
pPosY = 50.00000000
pPosZ = 50.00000000
pPosA = 0.00000000
pCamX = 50.00000000
pCamY = 50.00000000
pCamZ = 50.00000000
pCongelado = false
pCalado = false
pFome = 93
pSede = 91
pCoins = 0
pProfissao = 0
pOrg = 0
pCargo = 0
pProcurado = 0
pMultas = 0
pCasa = -1
pLevel = 0
pXP = 0
LicencaConduzir = 0
pNome = Seth Santos de Carvalho
pNascimento = 05/05/1996
pPai = Sulyvan Santos de Carvalho
pMae = Lurdes Santos da Silva
pRG = 1
pCarteiraT = 0
Pecas = 0
