pSenha = 211387318C8CA17BB56B08A1FB8687C5AEF008E338E3A95C9943AC006661A6A1
pEmail = joaovitorr00231@gmail.c
IDF = 66
pSexo = 1
pSkin = 14
pDinheiro = 500
pBanco = 0
pIdade = 0
pSegundosJogados = 30
pAvisos = 0
pCadeia = 0
pLastLogin = 11/11/2023 - 17:43
pInterior = 0
pPosX = 1687.60546875
pPosY = -2299.86743164
pPosZ = 13.12581729
pPosA = 183.05192565
pCamX = 1681.81481933
pCamY = -2309.15502929
pCamZ = 14.81939983
pCongelado = false
pCalado = false
pFome = 100
pSede = 100
pCoins = 0
pProfissao = 0
pOrg = 0
pCargo = 0
pProcurado = 0
pMultas = 0
pCasa = -1
pLevel = 0
pXP = 0
LicencaConduzir = 0
pNome = (null)
pNascimento = (null)
pPai = (null)
pMae = (null)
pRG = 0
pCarteiraT = 0
Pecas = 0
