pSenha = 071F4CD5C5625189725270BD8CC7419A14CC7E92B235B83EA3ADA7FC5AEC1083
pEmail = caua01limacau@gmail.com
IDF = 13
pSexo = 1
pSkin = 29
pDinheiro = 936
pBanco = -1654
pIdade = 0
pSegundosJogados = 2736
pAvisos = 0
pCadeia = 0
pLastLogin = 10/11/2023 - 16:52
pInterior = 0
pPosX = 1570.41247558
pPosY = -1165.87426757
pPosZ = 24.07812500
pPosA = 256.02389526
pCamX = 1567.37475585
pCamY = -1165.10827636
pCamZ = 26.15719985
pCongelado = false
pCalado = false
pFome = 51
pSede = 46
pCoins = 0
pProfissao = 5
pOrg = 0
pCargo = 0
pProcurado = 0
pMultas = 0
pCasa = -1
pLevel = 0
pXP = 0
LicencaConduzir = 0
pNome = Silva Vlone
pNascimento = 22/02/2003
pPai = Adriano imperador
pMae = Marta imperador
pRG = 1
pCarteiraT = 0
Pecas = 0
