pSenha = 40A5989795B90B8CC99980888F445B42B98038BD38680B788A1E474A952ADC0B
pEmail = enzofontoura.9@gmail.co
IDF = 10048
pSexo = 1
pSkin = 22
pDinheiro = 500
pBanco = 0
pIdade = 0
pSegundosJogados = 3650
pAvisos = 0
pCadeia = 0
pAdmin = 0
pLastLogin = 11/10/2023 - 09:50
pInterior = 0
pPosX = -2389.51196289
pPosY = 532.92486572
pPosZ = 26.85502052
pPosA = 8.80698394
pCamX = -2388.92700195
pCamY = 529.56591796
pCamZ = 27.90950012
pCongelado = false
pCalado = false
pFome = 0
pSede = 0
pVIP = 0
pCoins = 0
pProfissao = 0
pOrg = 2
pCargo = 3
pProcurado = 0
pMultas = 0
pCasa = -1
pLevel = 0
pXP = 0
LicencaConduzir = 0
pNome = Snow Fontoura da Silva 
pNascimento = 27/10/2000
pPai = Ednaldo Jos da Silva 
pMae = Vanesca Fontoura da Silva 
pRG = 1
pCarteiraT = 0
Pecas = 0
