pSenha = D1FD451D5E673F17DE386CDBF9A3FB62FCE43D168730CC1F6D82004CC164E5F6
pEmail = johandryjosueguerrerovi
IDF = 10065
pSexo = 1
pSkin = 4
pDinheiro = 500
pBanco = 0
pIdade = 0
pSegundosJogados = 554
pAvisos = 0
pCadeia = 0
pAdmin = 0
pLastLogin = 12/10/2023 - 13:17
pInterior = 0
pPosX = -1974.45056152
pPosY = 139.18202209
pPosZ = 27.68750000
pPosA = 213.87997436
pCamX = -1974.19616699
pCamY = 142.04490661
pCamZ = 29.13979911
pCongelado = false
pCalado = false
pFome = 91
pSede = 96
pVIP = 0
pCoins = 0
pProfissao = 0
pOrg = 0
pCargo = 0
pProcurado = 0
pMultas = 0
pCasa = -1
pLevel = 0
pXP = 0
LicencaConduzir = 0
pNome = (null)
pNascimento = (null)
pPai = (null)
pMae = (null)
pRG = 0
pCarteiraT = 0
Pecas = 0
