pSenha = ACB4B745E9C5D2B0173C028B8EA76BEC17D2468E8568CCD7014FF64F8CF75691
pEmail = isaquesilgua@gmail.com
IDF = 10063
pSexo = 1
pSkin = 194
pDinheiro = 500
pBanco = 0
pIdade = 0
pSegundosJogados = 130
pAvisos = 0
pCadeia = 0
pAdmin = 0
pLastLogin = 12/10/2023 - 19:17
pInterior = 0
pPosX = 0.00000000
pPosY = 0.00000000
pPosZ = 0.00000000
pPosA = 0.00000000
pCamX = 0.00000000
pCamY = 0.00000000
pCamZ = 0.00000000
pCongelado = false
pCalado = false
pFome = 100
pSede = 100
pVIP = 0
pCoins = 0
pProfissao = 0
pOrg = 0
pCargo = 0
pProcurado = 0
pMultas = 0
pCasa = -1
pLevel = 0
pXP = 0
LicencaConduzir = 0
pNome = (null)
pNascimento = (null)
pPai = (null)
pMae = (null)
pRG = 0
pCarteiraT = 0
Pecas = 0
