pSenha = 0CDBC718CF4A649B47304B4ECD6803C3146E65279BDD734DDAB79A201835E105
pEmail = abelsenna180@gmail.com
IDF = 10022
pSexo = 1
pSkin = 51
pDinheiro = 500
pBanco = 0
pIdade = 0
pSegundosJogados = 110
pAvisos = 0
pCadeia = 0
pAdmin = 0
pLastLogin = 01/10/2023 - 15:11
pInterior = 0
pPosX = -2191.66284179
pPosY = 323.55984497
pPosZ = 34.76691818
pPosA = 67.74599456
pCamX = -1988.50976562
pCamY = 137.72300720
pCamZ = 28.35829925
pCongelado = false
pCalado = false
pFome = 100
pSede = 100
pVIP = 0
pCoins = 0
pProfissao = 0
pOrg = 0
pCargo = 0
pProcurado = 0
pMultas = 0
pCasa = -1
pLevel = 0
pXP = 0
LicencaConduzir = 0
pNome = (null)
pNascimento = (null)
pPai = (null)
pMae = (null)
pRG = 0
pCarteiraT = 0
