pSenha = E1C74B181BB93E9C1613F088895CD2E642EEA824444D48013B15B5F1D7A33692
pEmail = naosei@gmail.com
IDF = 10004
pSexo = 1
pSkin = 255
pDinheiro = 12291
pBanco = 612
pIdade = 0
pSegundosJogados = 10120
pAvisos = 0
pCadeia = 0
pAdmin = 0
pLastLogin = 06/10/2023 - 11:46
pInterior = 0
pPosX = -1258.37841796
pPosY = 2718.05834960
pPosZ = 55.17467117
pPosA = 182.02729797
pCamX = -1258.64184570
pCamY = 2723.11352539
pCamZ = 55.98799896
pCongelado = false
pCalado = false
pFome = 49
pSede = 40
pVIP = 0
pCoins = 0
pProfissao = 0
pOrg = 4
pCargo = 3
pProcurado = 0
pMultas = 0
pCasa = -1
pLevel = 0
pXP = 0
LicencaConduzir = 1
pNome = Mateus Bittencourt
pNascimento = 07/04/2000
pPai = Adrian bittencourt
pMae = Maria Fernanda
pRG = 0
pCarteiraT = 0
