pSenha = A522023108CC04A2AD1EFA85B88FD72985B1DBA89A7497F73411CE71BFDAFD1D
pEmail = hwhh@gmail.com
IDF = 10056
pSexo = 1
pSkin = 14
pDinheiro = 500
pBanco = 0
pIdade = 0
pSegundosJogados = 386
pAvisos = 0
pCadeia = 0
pAdmin = 0
pLastLogin = 09/10/2023 - 20:50
pInterior = 0
pPosX = -1976.93261718
pPosY = 263.13488769
pPosZ = 35.17187500
pPosA = 30.73177909
pCamX = -1976.09399414
pCamY = 259.51458740
pCamZ = 35.94680023
pCongelado = false
pCalado = false
pFome = -2
pSede = -2
pVIP = 0
pCoins = 0
pProfissao = 0
pOrg = 0
pCargo = 0
pProcurado = 0
pMultas = 0
pCasa = -1
pLevel = 0
pXP = 0
LicencaConduzir = 0
pNome = (null)
pNascimento = (null)
pPai = (null)
pMae = (null)
pRG = 0
pCarteiraT = 0
