pSenha = 55CBA6BE5ED3E7CDFC651D6BA37E099E62CB269B623F90C4CE8392E4152C8035
pEmail = tuliorafaelcosta1234@gm
IDF = 10003
pSexo = 1
pSkin = 29
pDinheiro = 500
pBanco = 0
pIdade = 0
pSegundosJogados = 3106
pAvisos = 0
pCadeia = 0
pAdmin = 2
pLastLogin = 06/10/2023 - 10:22
pInterior = 0
pPosX = -1926.69689941
pPosY = -980.33496093
pPosZ = 31.60084915
pPosA = 99.20745086
pCamX = -1927.16162109
pCamY = -985.62799072
pCamZ = 33.59009933
pCongelado = false
pCalado = false
pFome = 0
pSede = 0
pVIP = 0
pCoins = 0
pProfissao = 0
pOrg = 4
pCargo = 2
pProcurado = 0
pMultas = 0
pCasa = -1
pLevel = 0
pXP = 0
LicencaConduzir = 0
pNome = Tulio Rafael Costa Medeiros Souto
pNascimento = 21/04/2000
pPai = Tobias Medeiros souto
pMae = Alana Costa Dantas
pRG = 1
pCarteiraT = 0
