pSenha = D3333C7CE3B8D1342A4552BC8DE748950183E230B41E043121DCCE393E0506C9
pEmail = bossyt270116@gmail.com
IDF = 10076
pSexo = 1
pSkin = 2
pDinheiro = 500
pBanco = 0
pIdade = 0
pSegundosJogados = 508
pAvisos = 0
pCadeia = 0
pAdmin = 0
pLastLogin = 18/10/2023 - 15:04
pInterior = 0
pPosX = -2400.62939453
pPosY = 550.21356201
pPosZ = 24.95679855
pPosA = 233.43629455
pCamX = -2399.70996093
pCamY = 548.12481689
pCamZ = 26.00589942
pCongelado = false
pCalado = false
pFome = 96
pSede = 96
pVIP = 0
pCoins = 5000
pProfissao = 0
pOrg = 0
pCargo = 0
pProcurado = 0
pMultas = 0
pCasa = -1
pLevel = 0
pXP = 0
LicencaConduzir = 0
pNome = (null)
pNascimento = (null)
pPai = (null)
pMae = (null)
pRG = 0
pCarteiraT = 0
Pecas = 0
