pSenha = D3333C7CE3B8D1342A4552BC8DE748950183E230B41E043121DCCE393E0506C9
pEmail = dgbeiramar@gmail.com
IDF = 63
pSexo = 1
pSkin = 2
pDinheiro = 200
pBanco = 0
pIdade = 0
pSegundosJogados = 494
pAvisos = 0
pCadeia = 0
pLastLogin = 11/11/2023 - 17:08
pInterior = 0
pPosX = 1326.74963378
pPosY = -1853.42297363
pPosZ = 12.98061370
pPosA = 272.42630004
pCamX = 1348.20788574
pCamY = -1859.95654296
pCamZ = 14.38469982
pCongelado = false
pCalado = false
pFome = 98
pSede = 94
pCoins = 0
pProfissao = 0
pOrg = 0
pCargo = 0
pProcurado = 0
pMultas = 3001
pCasa = -1
pLevel = 0
pXP = 0
LicencaConduzir = 0
pNome = Urso
pNascimento = 30031997
pPai = Manoel Pinga
pMae = Maria Fuba
pRG = 1
pCarteiraT = 0
Pecas = 0
