pSenha = 22A7EF65B0BEF0EA6C479E7619CA8290C8D1FB272E9538D8D9CA588D6759E23E
pEmail = (null)
IDF = 28
pSexo = 0
pSkin = 45
pDinheiro = 500
pBanco = -1783
pIdade = 0
pSegundosJogados = 1244
pAvisos = 0
pCadeia = 0
pLastLogin = 11/11/2023 - 18:34
pInterior = 0
pPosX = -2141.12304687
pPosY = -174.44651794
pPosZ = 34.97630310
pPosA = 224.27903747
pCamX = 1082.08984375
pCamY = -1764.25061035
pCamZ = 14.74849987
pCongelado = false
pCalado = false
pFome = 0
pSede = 0
pCoins = 0
pProfissao = 0
pOrg = 0
pCargo = 0
pProcurado = 0
pMultas = 0
pCasa = -1
pLevel = 0
pXP = 0
LicencaConduzir = 0
pNome = danilo
pNascimento = 30/01/2008
pPai = ageno
pMae = ana
pRG = 1
pCarteiraT = 1
Pecas = 0
