pSenha = 22A7EF65B0BEF0EA6C479E7619CA8290C8D1FB272E9538D8D9CA588D6759E23E
pEmail = (null)
IDF = 28
pSexo = 0
pSkin = 0
pDinheiro = 0
pBanco = -1783
pIdade = 0
pSegundosJogados = 378
pAvisos = 0
pCadeia = 0
pLastLogin = 10/11/2023 - 17:10
pInterior = 0
pPosX = 1390.35717773
pPosY = -1022.76245117
pPosZ = 25.21875572
pPosA = 307.69506835
pCamX = 1679.61242675
pCamY = -2310.75561523
pCamZ = 14.69929981
pCongelado = false
pCalado = false
pFome = 0
pSede = 0
pCoins = 0
pProfissao = 0
pOrg = 0
pCargo = 0
pProcurado = 0
pMultas = 0
pCasa = -1
pLevel = 0
pXP = 0
LicencaConduzir = 0
pNome = (null)
pNascimento = (null)
pPai = (null)
pMae = (null)
pRG = 0
pCarteiraT = 0
Pecas = 0
