pSenha = 0392A7D508005AF96C37DC0B153BE004EC96365FD718CFD753B5BD7353FAFD86
pEmail = gatoalanzinho0@gmail.co
IDF = 10072
pSexo = 1
pSkin = 74
pDinheiro = 500
pBanco = 0
pIdade = 0
pSegundosJogados = 762
pAvisos = 0
pCadeia = 0
pAdmin = 0
pLastLogin = 14/10/2023 - 01:18
pInterior = 0
pPosX = 693.60821533
pPosY = 1948.03784179
pPosZ = 5.54316234
pPosA = 98.79568481
pCamX = 695.13568115
pCamY = 1946.43859863
pCamZ = 6.18849992
pCongelado = false
pCalado = false
pFome = 92
pSede = 92
pVIP = 0
pCoins = 0
pProfissao = 0
pOrg = 0
pCargo = 0
pProcurado = 0
pMultas = 0
pCasa = -1
pLevel = 0
pXP = 0
LicencaConduzir = 0
pNome = (null)
pNascimento = (null)
pPai = (null)
pMae = (null)
pRG = 0
pCarteiraT = 0
Pecas = 0
