pSenha = 071F4CD5C5625189725270BD8CC7419A14CC7E92B235B83EA3ADA7FC5AEC1083
pEmail = m.vinicius0309@hotmail.
IDF = 14
pSexo = 1
pSkin = 3
pDinheiro = 3597
pBanco = -3248
pIdade = 0
pSegundosJogados = 3204
pAvisos = 0
pCadeia = 0
pLastLogin = 10/11/2023 - 19:55
pInterior = 0
pPosX = -2.53030967
pPosY = 1353.49804687
pPosZ = 9.17187500
pPosA = 349.27127075
pCamX = -3.10560011
pCamY = 1350.46179199
pCamZ = 10.20030021
pCongelado = false
pCalado = false
pFome = 46
pSede = 47
pCoins = 0
pProfissao = 6
pOrg = 0
pCargo = 0
pProcurado = 0
pMultas = 1734
pCasa = -1
pLevel = 0
pXP = 0
LicencaConduzir = 0
pNome = Vinicius Rush
pNascimento = 03/09/2002
pPai = Neymar Jr
pMae = Bruna Marquezine
pRG = 1
pCarteiraT = 0
Pecas = 0
