pSenha = A843AA31EAE75E68B2082E34709BB04AA50276D07641A6E07342AE2F6E37816B
pEmail = matheusallysson827@gmai
IDF = 51
pSexo = 1
pSkin = 149
pDinheiro = 500
pBanco = 0
pIdade = 0
pSegundosJogados = 558
pAvisos = 0
pCadeia = 0
pLastLogin = 10/11/2023 - 23:58
pInterior = 0
pPosX = 1421.21545410
pPosY = -1713.25256347
pPosZ = 13.54687500
pPosA = 330.34997558
pCamX = 1418.14855957
pCamY = -1719.64245605
pCamZ = 14.77289962
pCongelado = false
pCalado = false
pFome = 98
pSede = 96
pCoins = 0
pProfissao = 0
pOrg = 0
pCargo = 0
pProcurado = 0
pMultas = 0
pCasa = -1
pLevel = 0
pXP = 0
LicencaConduzir = 0
pNome = wallyson samuel
pNascimento = 05/04/2006
pPai = chen
pMae = chan
pRG = 1
pCarteiraT = 1
Pecas = 0
