pSenha = A843AA31EAE75E68B2082E34709BB04AA50276D07641A6E07342AE2F6E37816B
pEmail = matheusallysson827@gmai
IDF = 51
pSexo = 1
pSkin = 149
pDinheiro = 500
pBanco = 0
pIdade = 0
pSegundosJogados = 82
pAvisos = 0
pCadeia = 0
pLastLogin = 10/11/2023 - 20:32
pInterior = 0
pPosX = 1133.05041503
pPosY = -2038.40344238
pPosZ = 69.09312438
pPosA = 34.16522979
pCamX = 1981.03894042
pCamY = 1191.06140136
pCamZ = 27.82825851
pCongelado = false
pCalado = false
pFome = 100
pSede = 100
pCoins = 0
pProfissao = 0
pOrg = 0
pCargo = 0
pProcurado = 0
pMultas = 0
pCasa = -1
pLevel = 0
pXP = 0
LicencaConduzir = 0
pNome = (null)
pNascimento = (null)
pPai = (null)
pMae = (null)
pRG = 0
pCarteiraT = 0
Pecas = 0
