pSenha = F416C86B7B837FEEDFA96D6071400270A8377B345F14DA32507E96E38442BFDC
pEmail = (null)
IDF = 10008
pSexo = 0
pSkin = 0
pDinheiro = 0
pBanco = 0
pIdade = 0
pSegundosJogados = 306
pAvisos = 0
pCadeia = 0
pAdmin = 0
pLastLogin = 30/09/2023 - 09:23
pInterior = 0
pPosX = 79.03874969
pPosY = -98.70794677
pPosZ = 0.73071217
pPosA = 166.16055297
pCamX = 79.13829803
pCamY = -95.28359985
pCamZ = 1.59669995
pCongelado = false
pCalado = false
pFome = -1
pSede = -1
pVIP = 0
pCoins = 0
pProfissao = 0
pOrg = 0
pCargo = 0
pProcurado = 0
pMultas = 0
pCasa = -1
pLevel = 0
pXP = 0
LicencaConduzir = 0
pNome = (null)
pNascimento = (null)
pPai = (null)
pMae = (null)
pRG = 0
pCarteiraT = 0
