pSenha = 8863AE847D185B7727FF89D443971A9B709261EE3F2E0E0F6A4D8B6B2D199592
pEmail = (null)
IDF = 62
pSexo = 0
pSkin = 0
pDinheiro = 0
pBanco = 0
pIdade = 0
pSegundosJogados = 88
pAvisos = 0
pCadeia = 0
pLastLogin = 11/11/2023 - 17:02
pInterior = 0
pPosX = 1463.38134765
pPosY = -1715.30578613
pPosZ = 14.54687500
pPosA = 122.19035339
pCamX = 1464.18054199
pCamY = -1712.83959960
pCamZ = 17.21529960
pCongelado = false
pCalado = false
pFome = 0
pSede = 0
pCoins = 0
pProfissao = 0
pOrg = 0
pCargo = 0
pProcurado = 0
pMultas = 0
pCasa = -1
pLevel = 0
pXP = 0
LicencaConduzir = 0
pNome = (null)
pNascimento = (null)
pPai = (null)
pMae = (null)
pRG = 0
pCarteiraT = 0
Pecas = 0
