pSenha = E95C0BE0A4C8F7ABA230A89250BB004E5C219345FE248DC908920792663D3AF5
pEmail = pedroaugustovieirareis4
IDF = 35
pSexo = 1
pSkin = 294
pDinheiro = 500
pBanco = 0
pIdade = 0
pSegundosJogados = 82
pAvisos = 0
pCadeia = 0
pLastLogin = 10/11/2023 - 17:29
pInterior = 5
pPosX = 1442.27832031
pPosY = -628.83154296
pPosZ = 95.71856689
pPosA = 35.24294281
pCamX = 1443.72534179
pCamY = -629.53790283
pCamZ = 96.57510375
pCongelado = false
pCalado = false
pFome = 91
pSede = 94
pCoins = 0
pProfissao = 0
pOrg = 0
pCargo = 0
pProcurado = 0
pMultas = 0
pCasa = -1
pLevel = 0
pXP = 0
LicencaConduzir = 0
pNome = (null)
pNascimento = (null)
pPai = (null)
pMae = (null)
pRG = 0
pCarteiraT = 0
Pecas = 0
