pSenha = 377D15D0491DC2246CD0291433049370AAAC12D9E29914B55A1A12E6B4E42FF3
pEmail = xernobylgg1@gmail.com
IDF = 25
pSexo = 1
pSkin = 2
pDinheiro = 500
pBanco = 0
pIdade = 0
pSegundosJogados = 298
pAvisos = 0
pCadeia = 0
pLastLogin = 11/11/2023 - 17:02
pInterior = 0
pPosX = 1442.18347167
pPosY = -1690.51562500
pPosZ = 13.38863754
pPosA = 103.30638885
pCamX = 1686.97534179
pCamY = -2311.32592773
pCamZ = 14.50129985
pCongelado = false
pCalado = false
pFome = 100
pSede = 100
pCoins = 0
pProfissao = 0
pOrg = 0
pCargo = 0
pProcurado = 0
pMultas = 0
pCasa = -1
pLevel = 0
pXP = 0
LicencaConduzir = 0
pNome = (null)
pNascimento = (null)
pPai = (null)
pMae = (null)
pRG = 0
pCarteiraT = 0
Pecas = 0
