pSenha = 377D15D0491DC2246CD0291433049370AAAC12D9E29914B55A1A12E6B4E42FF3
pEmail = xernobylgg77@gmail.com
IDF = 16
pSexo = 1
pSkin = 3
pDinheiro = 500
pBanco = 0
pIdade = 0
pSegundosJogados = 1020
pAvisos = 0
pCadeia = 0
pLastLogin = 10/11/2023 - 16:53
pInterior = 0
pPosX = 50.00000000
pPosY = 50.00000000
pPosZ = 50.00000000
pPosA = 0.00000000
pCamX = 50.00000000
pCamY = 50.00000000
pCamZ = 50.00000000
pCongelado = false
pCalado = false
pFome = 88
pSede = 89
pCoins = 0
pProfissao = 0
pOrg = 0
pCargo = 0
pProcurado = 0
pMultas = 0
pCasa = -1
pLevel = 0
pXP = 0
LicencaConduzir = 0
pNome = Isaac Silva Sena
pNascimento = 21/09/2003
pPai = Ismael Silva
pMae = Mariana Sena
pRG = 1
pCarteiraT = 0
Pecas = 0
