pSenha = 8863AE847D185B7727FF89D443971A9B709261EE3F2E0E0F6A4D8B6B2D199592
pEmail = willydasilvadegois33@gm
IDF = 20
pSexo = 1
pSkin = 122
pDinheiro = 5991
pBanco = -2209
pIdade = 0
pSegundosJogados = 5052
pAvisos = 0
pCadeia = 0
pLastLogin = 11/11/2023 - 18:54
pInterior = 0
pPosX = 1012.61334228
pPosY = -950.99401855
pPosZ = 42.31250000
pPosA = 240.15750122
pCamX = 1009.48638916
pCamY = -949.73181152
pCamZ = 43.37409973
pCongelado = false
pCalado = false
pFome = 24
pSede = 17
pCoins = 1000
pProfissao = 1
pOrg = 0
pCargo = 0
pProcurado = 0
pMultas = 6477
pCasa = 0
pLevel = 0
pXP = 0
LicencaConduzir = 0
pNome = joze pinto pereira
pNascimento = 01082004
pPai = Cristiano Ronaldo
pMae = Bruna Marquezine
pRG = 1
pCarteiraT = 0
Pecas = 0
