pSenha = 8863AE847D185B7727FF89D443971A9B709261EE3F2E0E0F6A4D8B6B2D199592
pEmail = willydasilvadegois33@gm
IDF = 20
pSexo = 1
pSkin = 122
pDinheiro = 2991
pBanco = -2209
pIdade = 0
pSegundosJogados = 3502
pAvisos = 0
pCadeia = 0
pLastLogin = 10/11/2023 - 18:00
pInterior = 0
pPosX = 161.74887084
pPosY = -1933.81274414
pPosZ = 3.77343750
pPosA = 283.48233032
pCamX = 158.71890258
pCamY = -1934.21557617
pCamZ = 5.90210008
pCongelado = false
pCalado = false
pFome = 41
pSede = 41
pCoins = 0
pProfissao = 1
pOrg = 0
pCargo = 0
pProcurado = 0
pMultas = 6477
pCasa = 0
pLevel = 0
pXP = 0
LicencaConduzir = 0
pNome = joze pinto pereira
pNascimento = 01082004
pPai = Cristiano Ronaldo
pMae = Bruna Marquezine
pRG = 1
pCarteiraT = 0
Pecas = 0
