pSenha = F5A02D7586E137163DD885B70A8FCA4C1FD6E11F2DBDCACA8A6EF191AF93B75F
pEmail = gabrielzindenylsonreide
IDF = 27
pSexo = 1
pSkin = 16
pDinheiro = 500
pBanco = 0
pIdade = 0
pSegundosJogados = 318
pAvisos = 0
pCadeia = 0
pLastLogin = 10/11/2023 - 16:49
pInterior = 0
pPosX = 1501.27124023
pPosY = -2157.88037109
pPosZ = 13.14461517
pPosA = 123.35233306
pCamX = 1492.08422851
pCamY = -2166.43554687
pCamZ = 14.45530033
pCongelado = false
pCalado = false
pFome = 96
pSede = 97
pCoins = 0
pProfissao = 0
pOrg = 0
pCargo = 0
pProcurado = 0
pMultas = 0
pCasa = -1
pLevel = 0
pXP = 0
LicencaConduzir = 0
pNome = (null)
pNascimento = (null)
pPai = (null)
pMae = (null)
pRG = 0
pCarteiraT = 0
Pecas = 0
