CasaDono = Nenhum
Casa Texto = Nenhum
CasaId = 0
CasaAVenda = 0
CasaPickup = 1272
CasaMapIcon = 32
CasaValor = 3000000
CasaInterior = 5
CasaX = 1298.22082519
CasaY = -797.98205566
CasaZ = 84.14062500
CasaInteriorX = 1267.84069824
CasaInteriorY = -776.95867919
CasaInteriorZ = 1091.90625000
CasaTexto = Nenhum
