CasaDono = Nenhum
Casa Texto = Nenhum
CasaId = 102
CasaAVenda = 1
CasaPickup = 1273
CasaMapIcon = 31
CasaValor = 200000
CasaInterior = 2
CasaX = -2620.41186523
CasaY = 832.81817626
CasaZ = 52.09375000
CasaInteriorX = 225.57069396
CasaInteriorY = 1240.06433105
CasaInteriorZ = 1082.14062500
