CasaDono = Nenhum
Casa Texto = Nenhum
CasaId = 103
CasaAVenda = 1
CasaPickup = 1273
CasaMapIcon = 31
CasaValor = 200000
CasaInterior = 2
CasaX = -2594.84179687
CasaY = 830.82171630
CasaZ = 49.98437500
CasaInteriorX = 225.57069396
CasaInteriorY = 1240.06433105
CasaInteriorZ = 1082.14062500
