CasaDono = Nenhum
Casa Texto = Nenhum
CasaId = 107
CasaAVenda = 1
CasaPickup = 1273
CasaMapIcon = 31
CasaValor = 200000
CasaInterior = 2
CasaX = -2594.41357421
CasaY = 751.02728271
CasaZ = 33.71720504
CasaInteriorX = 225.57069396
CasaInteriorY = 1240.06433105
CasaInteriorZ = 1082.14062500
