CasaDono = Nenhum
Casa Texto = Nenhum
CasaId = 108
CasaAVenda = 1
CasaPickup = 1273
CasaMapIcon = 31
CasaValor = 200000
CasaInterior = 2
CasaX = -2627.88793945
CasaY = 735.46917724
CasaZ = 30.58593750
CasaInteriorX = 225.57069396
CasaInteriorY = 1240.06433105
CasaInteriorZ = 1082.14062500
