CasaDono = Nenhum
Casa Texto = Nenhum
CasaId = 111
CasaAVenda = 1
CasaPickup = 1273
CasaMapIcon = 31
CasaValor = 200000
CasaInterior = 2
CasaX = -2690.61987304
CasaY = -159.66841125
CasaZ = 4.68564414
CasaInteriorX = 225.57069396
CasaInteriorY = 1240.06433105
CasaInteriorZ = 1082.14062500
