CasaDono = Nenhum
Casa Texto = Nenhum
CasaId = 118
CasaAVenda = 1
CasaPickup = 1273
CasaMapIcon = 31
CasaValor = 1000000
CasaInterior = 1
CasaX = -2664.25146484
CasaY = -2.15873980
CasaZ = 6.13281250
CasaInteriorX = 224.28799438
CasaInteriorY = 1289.19067382
CasaInteriorZ = 1082.14062500
