CasaDono = Nenhum
Casa Texto = Nenhum
CasaId = 120
CasaAVenda = 1
CasaPickup = 1273
CasaMapIcon = 31
CasaValor = 200000
CasaInterior = 2
CasaX = -2654.98071289
CasaY = 985.85382080
CasaZ = 64.99128723
CasaInteriorX = 225.57069396
CasaInteriorY = 1240.06433105
CasaInteriorZ = 1082.14062500
