CasaDono = Nenhum
Casa Texto = Nenhum
CasaId = 125
CasaAVenda = 1
CasaPickup = 1273
CasaMapIcon = 31
CasaValor = 200000
CasaInterior = 2
CasaX = -2591.16918945
CasaY = 936.15814208
CasaZ = 68.92968750
CasaInteriorX = 225.57069396
CasaInteriorY = 1240.06433105
CasaInteriorZ = 1082.14062500
