CasaDono = Nenhum
Casa Texto = Nenhum
CasaId = 128
CasaAVenda = 1
CasaPickup = 1273
CasaMapIcon = 31
CasaValor = 200000
CasaInterior = 2
CasaX = 2067.05053710
CasaY = -1731.43664550
CasaZ = 14.20662879
CasaInteriorX = 225.57069396
CasaInteriorY = 1240.06433105
CasaInteriorZ = 1082.14062500
