CasaDono = Nenhum
Casa Texto = Nenhum
CasaId = 138
CasaAVenda = 1
CasaPickup = 1273
CasaMapIcon = 31
CasaValor = 300000
CasaInterior = 2
CasaX = 2809.53027343
CasaY = -1324.74169921
CasaZ = 33.87425994
CasaInteriorX = 225.57069396
CasaInteriorY = 1240.06433105
CasaInteriorZ = 1082.14062500
