CasaDono = Nenhum
Casa Texto = Nenhum
CasaId = 14
CasaAVenda = 1
CasaPickup = 1273
CasaMapIcon = 31
CasaValor = 150000
CasaInterior = 2
CasaX = 2513.53076171
CasaY = -1650.31530761
CasaZ = 14.35566616
CasaInteriorX = 225.57069396
CasaInteriorY = 1240.06433105
CasaInteriorZ = 1082.14062500
