CasaDono = Nenhum
Casa Texto = Nenhum
CasaId = 140
CasaAVenda = 1
CasaPickup = 1273
CasaMapIcon = 31
CasaValor = 300000
CasaInterior = 5
CasaX = 2782.29833984
CasaY = -1306.64367675
CasaZ = 38.78817749
CasaInteriorX = 227.75590515
CasaInteriorY = 1114.38439941
CasaInteriorZ = 1080.99218750
