CasaDono = Nenhum
Casa Texto = Nenhum
CasaId = 141
CasaAVenda = 1
CasaPickup = 1273
CasaMapIcon = 31
CasaValor = 300000
CasaInterior = 5
CasaX = 2782.28710937
CasaY = -1281.73181152
CasaZ = 44.29945755
CasaInteriorX = 227.75590515
CasaInteriorY = 1114.38439941
CasaInteriorZ = 1080.99218750
