CasaDono = Nenhum
Casa Texto = Nenhum
CasaId = 146
CasaAVenda = 1
CasaPickup = 1273
CasaMapIcon = 31
CasaValor = 300000
CasaInterior = 5
CasaX = 2750.39160156
CasaY = -1205.47839355
CasaZ = 67.48437500
CasaInteriorX = 227.75590515
CasaInteriorY = 1114.38439941
CasaInteriorZ = 1080.99218750
