CasaDono = Nenhum
Casa Texto = Nenhum
CasaId = 147
CasaAVenda = 1
CasaPickup = 1273
CasaMapIcon = 31
CasaValor = 300000
CasaInterior = 5
CasaX = 2756.23876953
CasaY = -1182.80932617
CasaZ = 69.40345764
CasaInteriorX = 227.75590515
CasaInteriorY = 1114.38439941
CasaInteriorZ = 1080.99218750
