CasaDono = Nenhum
Casa Texto = Nenhum
CasaId = 155
CasaAVenda = 1
CasaPickup = 1273
CasaMapIcon = 31
CasaValor = 150000
CasaInterior = 2
CasaX = 2229.99194335
CasaY = -1280.40673828
CasaZ = 25.36718750
CasaInteriorX = 225.57069396
CasaInteriorY = 1240.06433105
CasaInteriorZ = 1082.14062500
