CasaDono = Nenhum
Casa Texto = Nenhum
CasaId = 156
CasaAVenda = 1
CasaPickup = 1273
CasaMapIcon = 31
CasaValor = 150000
CasaInterior = 2
CasaX = 2208.20434570
CasaY = -1281.17651367
CasaZ = 24.79022216
CasaInteriorX = 225.57069396
CasaInteriorY = 1240.06433105
CasaInteriorZ = 1082.14062500
