CasaDono = Nenhum
Casa Texto = Nenhum
CasaId = 163
CasaAVenda = 1
CasaPickup = 1273
CasaMapIcon = 31
CasaValor = 200000
CasaInterior = 2
CasaX = 767.91870117
CasaY = -1655.61254882
CasaZ = 5.60937500
CasaInteriorX = 225.57069396
CasaInteriorY = 1240.06433105
CasaInteriorZ = 1082.14062500
