CasaDono = Nenhum
Casa Texto = Nenhum
CasaId = 164
CasaAVenda = 1
CasaPickup = 1273
CasaMapIcon = 31
CasaValor = 2500000
CasaInterior = 5
CasaX = 253.28132629
CasaY = -1269.76550292
CasaZ = 74.36357116
CasaInteriorX = 140.36790466
CasaInteriorY = 1367.88366699
CasaInteriorZ = 1083.86206054
