CasaDono = Nenhum
Casa Texto = Nenhum
CasaId = 167
CasaAVenda = 1
CasaPickup = 1273
CasaMapIcon = 31
CasaValor = 2500000
CasaInterior = 6
CasaX = 300.12567138
CasaY = -1154.56616210
CasaZ = 81.31732177
CasaInteriorX = 234.28259277
CasaInteriorY = 1065.22900390
CasaInteriorZ = 1084.21008300
