CasaDono = Nenhum
Casa Texto = Nenhum
CasaId = 172
CasaAVenda = 1
CasaPickup = 1273
CasaMapIcon = 31
CasaValor = 100000
CasaInterior = 6
CasaX = 2065.08105468
CasaY = 729.82330322
CasaZ = 11.46829223
CasaInteriorX = -68.51450347
CasaInteriorY = 1353.84851074
CasaInteriorZ = 1080.21093750
