CasaDono = Nenhum
Casa Texto = Nenhum
CasaId = 173
CasaAVenda = 1
CasaPickup = 1273
CasaMapIcon = 31
CasaValor = 100000
CasaInterior = 6
CasaX = 2043.08361816
CasaY = 731.82885742
CasaZ = 11.46093750
CasaInteriorX = -68.51450347
CasaInteriorY = 1353.84851074
CasaInteriorZ = 1080.21093750
