CasaDono = Nenhum
Casa Texto = Nenhum
CasaId = 174
CasaAVenda = 1
CasaPickup = 1273
CasaMapIcon = 31
CasaValor = 100000
CasaInterior = 6
CasaX = 2043.02380371
CasaY = 776.10205078
CasaZ = 11.45312500
CasaInteriorX = -68.51450347
CasaInteriorY = 1353.84851074
CasaInteriorZ = 1080.21093750
