CasaDono = Nenhum
Casa Texto = Nenhum
CasaId = 175
CasaAVenda = 1
CasaPickup = 1273
CasaMapIcon = 31
CasaValor = 100000
CasaInterior = 6
CasaX = 2071.60717773
CasaY = 776.47344970
CasaZ = 11.46047973
CasaInteriorX = -68.51450347
CasaInteriorY = 1353.84851074
CasaInteriorZ = 1080.21093750
