CasaDono = Nenhum
Casa Texto = Nenhum
CasaId = 176
CasaAVenda = 1
CasaPickup = 1273
CasaMapIcon = 31
CasaValor = 100000
CasaInterior = 6
CasaX = 2094.35961914
CasaY = 775.08050537
CasaZ = 11.45312500
CasaInteriorX = -68.51450347
CasaInteriorY = 1353.84851074
CasaInteriorZ = 1080.21093750
