CasaDono = Nenhum
Casa Texto = Nenhum 
CasaId = 18
CasaAVenda = 0
CasaPickup = 1272
CasaMapIcon = 32
CasaValor = 200000
CasaInterior = 2
CasaX = 2459.24511718
CasaY = -1691.50134277
CasaZ = 13.54880905
CasaInteriorX = 225.57069396
CasaInteriorY = 1240.06433105
CasaInteriorZ = 1082.14062500
CasaTexto = Nenhum
