CasaDono = Nenhum
Casa Texto = Nenhum
CasaId = 181
CasaAVenda = 1
CasaPickup = 1273
CasaMapIcon = 31
CasaValor = 100000
CasaInterior = 6
CasaX = 1553.73681640
CasaY = 2074.20019531
CasaZ = 11.35937500
CasaInteriorX = -68.51450347
CasaInteriorY = 1353.84851074
CasaInteriorZ = 1080.21093750
