CasaDono = Nenhum
Casa Texto = Nenhum
CasaId = 186
CasaAVenda = 1
CasaPickup = 1273
CasaMapIcon = 31
CasaValor = 200000
CasaInterior = 5
CasaX = 1665.01745605
CasaY = 2845.47265625
CasaZ = 10.82654380
CasaInteriorX = 227.75590515
CasaInteriorY = 1114.38439941
CasaInteriorZ = 1080.99218750
