CasaDono = Nenhum
Casa Texto = Nenhum
CasaId = 206
CasaAVenda = 1
CasaPickup = 1273
CasaMapIcon = 31
CasaValor = 400000
CasaInterior = 5
CasaX = -2209.58593750
CasaY = 1079.98986816
CasaZ = 80.00781250
CasaInteriorX = 227.75590515
CasaInteriorY = 1114.38439941
CasaInteriorZ = 1080.99218750
