CasaDono = Nenhum
Casa Texto = Nenhum
CasaId = 208
CasaAVenda = 1
CasaPickup = 1273
CasaMapIcon = 31
CasaValor = 400000
CasaInterior = 5
CasaX = -2239.74096679
CasaY = 1070.59509277
CasaZ = 81.02337646
CasaInteriorX = 227.75590515
CasaInteriorY = 1114.38439941
CasaInteriorZ = 1080.99218750
