CasaDono = Nenhum
Casa Texto = Nenhum
CasaId = 211
CasaAVenda = 1
CasaPickup = 1273
CasaMapIcon = 31
CasaValor = 400000
CasaInterior = 5
CasaX = -2239.74121093
CasaY = 1054.23596191
CasaZ = 82.84473419
CasaInteriorX = 227.75590515
CasaInteriorY = 1114.38439941
CasaInteriorZ = 1080.99218750
