CasaDono = Nenhum
Casa Texto = Nenhum
CasaId = 214
CasaAVenda = 1
CasaPickup = 1273
CasaMapIcon = 31
CasaValor = 400000
CasaInterior = 5
CasaX = -2238.78906250
CasaY = 998.94909667
CasaZ = 79.04231262
CasaInteriorX = 227.75590515
CasaInteriorY = 1114.38439941
CasaInteriorZ = 1080.99218750
