CasaDono = Nenhum
Casa Texto = Nenhum
CasaId = 220
CasaAVenda = 1
CasaPickup = 1273
CasaMapIcon = 31
CasaValor = 400000
CasaInterior = 5
CasaX = -2192.56689453
CasaY = 902.66284179
CasaZ = 75.01301574
CasaInteriorX = 227.75590515
CasaInteriorY = 1114.38439941
CasaInteriorZ = 1080.99218750
