CasaDono = Nenhum
Casa Texto = Nenhum
CasaId = 227
CasaAVenda = 1
CasaPickup = 1273
CasaMapIcon = 31
CasaValor = 300000
CasaInterior = 8
CasaX = -2620.92260742
CasaY = 120.92649078
CasaZ = 7.20312500
CasaInteriorX = 2365.10888671
CasaInteriorY = -1133.07946777
CasaInteriorZ = 1050.87500000
