CasaDono = Nenhum
Casa Texto = Nenhum
CasaId = 23
CasaAVenda = 0
CasaPickup = 1272
CasaMapIcon = 32
CasaValor = 500000
CasaInterior = 5
CasaX = 1863.79223632
CasaY = -1597.40405273
CasaZ = 14.30624580
CasaInteriorX = 227.75590515
CasaInteriorY = 1114.38439941
CasaInteriorZ = 1080.99218750
CasaTexto = Nenhum
