CasaDono = Nenhum
Casa Texto = Nenhum
CasaId = 230
CasaAVenda = 1
CasaPickup = 1273
CasaMapIcon = 31
CasaValor = 300000
CasaInterior = 8
CasaX = -2620.86743164
CasaY = 96.87567138
CasaZ = 5.00000000
CasaInteriorX = 2365.10888671
CasaInteriorY = -1133.07946777
CasaInteriorZ = 1050.87500000
