CasaDono = Nenhum
Casa Texto = Nenhum
CasaId = 235
CasaAVenda = 1
CasaPickup = 1273
CasaMapIcon = 31
CasaValor = 300000
CasaInterior = 8
CasaX = -2689.30004882
CasaY = 74.64384460
CasaZ = 7.20312500
CasaInteriorX = 2365.10888671
CasaInteriorY = -1133.07946777
CasaInteriorZ = 1050.87500000
