CasaDono = Nenhum
Casa Texto = Nenhum
CasaId = 242
CasaAVenda = 1
CasaPickup = 1273
CasaMapIcon = 31
CasaValor = 400000
CasaInterior = 5
CasaX = -2710.46777343
CasaY = 722.85705566
CasaZ = 39.71875000
CasaInteriorX = 227.75590515
CasaInteriorY = 1114.38439941
CasaInteriorZ = 1080.99218750
