CasaDono = Nenhum
Casa Texto = Nenhum
CasaId = 251
CasaAVenda = 1
CasaPickup = 1273
CasaMapIcon = 31
CasaValor = 50000000
CasaInterior = 5
CasaX = 2495.47216796
CasaY = -1691.11608886
CasaZ = 14.76562500
CasaInteriorX = 1267.84069824
CasaInteriorY = -776.95867919
CasaInteriorZ = 1091.90625000
CasaTexto = Nenhum
