CasaDono = Nenhum
Casa Texto = Nenhum
CasaId = 252
CasaAVenda = 0
CasaPickup = 1272
CasaMapIcon = 32
CasaValor = 1500000
CasaInterior = 5
CasaX = 691.43609619
CasaY = -1275.97058105
CasaZ = 13.56063461
CasaInteriorX = 1267.84069824
CasaInteriorY = -776.95867919
CasaInteriorZ = 1091.90625000
CasaTexto = Nenhum
