CasaDono = Nenhum
Casa Texto = Nenhum
CasaId = 27
CasaAVenda = 1
CasaPickup = 1273
CasaMapIcon = 31
CasaValor = 80000
CasaInterior = 1
CasaX = 1866.52807617
CasaY = -2004.00891113
CasaZ = 13.54687500
CasaInteriorX = 224.28799438
CasaInteriorY = 1289.19067382
CasaInteriorZ = 1082.14062500
