CasaDono = Nenhum
Casa Texto = Nenhum
CasaId = 278
CasaAVenda = 1
CasaPickup = 1273
CasaMapIcon = 31
CasaValor = 300000
CasaInterior = 1
CasaX = 1591.65722656
CasaY = -2177.36376953
CasaZ = 13.92967510
CasaInteriorX = 224.28799438
CasaInteriorY = 1289.19067382
CasaInteriorZ = 1082.14062500
