CasaDono = Nenhum
Casa Texto = Nenhum
CasaId = 281
CasaAVenda = 1
CasaPickup = 1273
CasaMapIcon = 31
CasaValor = 300000
CasaInterior = 1
CasaX = 1673.62109375
CasaY = -2122.39013671
CasaZ = 14.14601421
CasaInteriorX = 224.28799438
CasaInteriorY = 1289.19067382
CasaInteriorZ = 1082.14062500
