CasaDono = Nenhum
Casa Texto = Nenhum
CasaId = 283
CasaAVenda = 1
CasaPickup = 1273
CasaMapIcon = 31
CasaValor = 300000
CasaInterior = 1
CasaX = 1684.98046875
CasaY = -2098.21606445
CasaZ = 13.83432388
CasaInteriorX = 224.28799438
CasaInteriorY = 1289.19067382
CasaInteriorZ = 1082.14062500
