CasaDono = Nenhum
Casa Texto = Nenhum
CasaId = 287
CasaAVenda = 1
CasaPickup = 1273
CasaMapIcon = 31
CasaValor = 300000
CasaInterior = 1
CasaX = 1734.79760742
CasaY = -2130.36010742
CasaZ = 14.02101421
CasaInteriorX = 224.28799438
CasaInteriorY = 1289.19067382
CasaInteriorZ = 1082.14062500
