CasaDono = Nenhum
Casa Texto = Nenhum
CasaId = 294
CasaAVenda = 1
CasaPickup = 1273
CasaMapIcon = 31
CasaValor = 5000000
CasaInterior = 5
CasaX = 1382.14733886
CasaY = -1088.88830566
CasaZ = 28.21076583
CasaInteriorX = 1267.84069824
CasaInteriorY = -776.95867919
CasaInteriorZ = 1091.90625000
