CasaDono = Nenhum
Casa Texto = Nenhum
CasaId = 297
CasaAVenda = 1
CasaPickup = 1273
CasaMapIcon = 31
CasaValor = 30000
CasaInterior = 1
CasaX = 2368.29858398
CasaY = -1675.34484863
CasaZ = 14.16816616
CasaInteriorX = 224.28799438
CasaInteriorY = 1289.19067382
CasaInteriorZ = 1082.14062500
