CasaDono = Nenhum
Casa Texto = Nenhum
CasaId = 299
CasaAVenda = 1
CasaPickup = 1273
CasaMapIcon = 31
CasaValor = 30000
CasaInterior = 1
CasaX = 2384.57031250
CasaY = -1675.83142089
CasaZ = 15.24569129
CasaInteriorX = 224.28799438
CasaInteriorY = 1289.19067382
CasaInteriorZ = 1082.14062500
