CasaDono = Nenhum
Casa Texto = Nenhum
CasaId = 300
CasaAVenda = 1
CasaPickup = 1273
CasaMapIcon = 31
CasaValor = 30000
CasaInterior = 1
CasaX = 2408.93139648
CasaY = -1674.93457031
CasaZ = 14.37500000
CasaInteriorX = 224.28799438
CasaInteriorY = 1289.19067382
CasaInteriorZ = 1082.14062500
