CasaDono = Nenhum
Casa Texto = Nenhum
CasaId = 32
CasaAVenda = 1
CasaPickup = 1273
CasaMapIcon = 31
CasaValor = 8000
CasaInterior = 6
CasaX = 1820.33227539
CasaY = -1995.83044433
CasaZ = 13.55439567
CasaInteriorX = -68.51450347
CasaInteriorY = 1353.84851074
CasaInteriorZ = 1080.21093750
