CasaDono = Nenhum
Casa Texto = Nenhum
CasaId = 33
CasaAVenda = 1
CasaPickup = 1273
CasaMapIcon = 31
CasaValor = 600000
CasaInterior = 5
CasaX = 1325.94519042
CasaY = -1067.16552734
CasaZ = 31.55468750
CasaInteriorX = 227.75590515
CasaInteriorY = 1114.38439941
CasaInteriorZ = 1080.99218750
