CasaDono = Nenhum
Casa Texto = Nenhum
CasaId = 34
CasaAVenda = 1
CasaPickup = 1273
CasaMapIcon = 31
CasaValor = 600000
CasaInterior = 5
CasaX = 1326.42578125
CasaY = -1090.69714355
CasaZ = 27.97656250
CasaInteriorX = 227.75590515
CasaInteriorY = 1114.38439941
CasaInteriorZ = 1080.99218750
