CasaDono = Nenhum
Casa Texto = Nenhum
CasaId = 36
CasaAVenda = 1
CasaPickup = 1273
CasaMapIcon = 31
CasaValor = 300000
CasaInterior = 2
CasaX = 295.39254760
CasaY = -1764.23474121
CasaZ = 4.77236509
CasaInteriorX = 225.57069396
CasaInteriorY = 1240.06433105
CasaInteriorZ = 1082.14062500
