CasaDono = Nenhum
Casa Texto = Nenhum
CasaId = 39
CasaAVenda = 1
CasaPickup = 1273
CasaMapIcon = 31
CasaValor = 150000
CasaInterior = 6
CasaX = 2438.43017578
CasaY = -1105.41882324
CasaZ = 42.75115585
CasaInteriorX = -68.51450347
CasaInteriorY = 1353.84851074
CasaInteriorZ = 1080.21093750
