CasaDono = Nenhum
Casa Texto = Nenhum
CasaId = 40
CasaAVenda = 1
CasaPickup = 1273
CasaMapIcon = 31
CasaValor = 300000
CasaInterior = 2
CasaX = 207.08168029
CasaY = -1768.97924804
CasaZ = 4.37028169
CasaInteriorX = 225.57069396
CasaInteriorY = 1240.06433105
CasaInteriorZ = 1082.14062500
