CasaDono = Nenhum
Casa Texto = Nenhum
CasaId = 41
CasaAVenda = 1
CasaPickup = 1273
CasaMapIcon = 31
CasaValor = 300000
CasaInterior = 2
CasaX = 167.76710510
CasaY = -1759.12133789
CasaZ = 6.79687500
CasaInteriorX = 225.57069396
CasaInteriorY = 1240.06433105
CasaInteriorZ = 1082.14062500
