CasaDono = Nenhum
Casa Texto = Nenhum
CasaId = 42
CasaAVenda = 1
CasaPickup = 1273
CasaMapIcon = 31
CasaValor = 300000
CasaInterior = 2
CasaX = 168.43103027
CasaY = -1768.40832519
CasaZ = 4.48742628
CasaInteriorX = 225.57069396
CasaInteriorY = 1240.06433105
CasaInteriorZ = 1082.14062500
