CasaDono = Nenhum
Casa Texto = Nenhum
CasaId = 48
CasaAVenda = 1
CasaPickup = 1273
CasaMapIcon = 31
CasaValor = 400000
CasaInterior = 5
CasaX = 879.21740722
CasaY = -1424.82128906
CasaZ = 14.48437500
CasaInteriorX = 227.75590515
CasaInteriorY = 1114.38439941
CasaInteriorZ = 1080.99218750
