CasaDono = Nenhum
Casa Texto = Nenhum
CasaId = 51
CasaAVenda = 1
CasaPickup = 1273
CasaMapIcon = 31
CasaValor = 400000
CasaInterior = 5
CasaX = 824.61999511
CasaY = -1424.20300292
CasaZ = 14.49886035
CasaInteriorX = 227.75590515
CasaInteriorY = 1114.38439941
CasaInteriorZ = 1080.99218750
