CasaDono = Nenhum
Casa Texto = Nenhum
CasaId = 56
CasaAVenda = 1
CasaPickup = 1273
CasaMapIcon = 31
CasaValor = 150000
CasaInterior = 2
CasaX = 2202.71411132
CasaY = -1364.03735351
CasaZ = 25.86053466
CasaInteriorX = 225.57069396
CasaInteriorY = 1240.06433105
CasaInteriorZ = 1082.14062500
