CasaDono = Nenhum
Casa Texto = Nenhum
CasaId = 57
CasaAVenda = 1
CasaPickup = 1273
CasaMapIcon = 31
CasaValor = 150000
CasaInterior = 2
CasaX = 2230.95971679
CasaY = -1396.28503417
CasaZ = 24.00000000
CasaInteriorX = 225.57069396
CasaInteriorY = 1240.06433105
CasaInteriorZ = 1082.14062500
