CasaDono = Nenhum
Casa Texto = Nenhum
CasaId = 59
CasaAVenda = 1
CasaPickup = 1273
CasaMapIcon = 31
CasaValor = 500000
CasaInterior = 5
CasaX = 2847.02368164
CasaY = -1309.88354492
CasaZ = 14.67889976
CasaInteriorX = 227.75590515
CasaInteriorY = 1114.38439941
CasaInteriorZ = 1080.99218750
