CasaDono = Nenhum
Casa Texto = Nenhum
CasaId = 61
CasaAVenda = 1
CasaPickup = 1273
CasaMapIcon = 31
CasaValor = 500000
CasaInterior = 5
CasaX = 2852.04956054
CasaY = -1365.71789550
CasaZ = 14.17082214
CasaInteriorX = 227.75590515
CasaInteriorY = 1114.38439941
CasaInteriorZ = 1080.99218750
