CasaDono = Nenhum
Casa Texto = Nenhum
CasaId = 62
CasaAVenda = 1
CasaPickup = 1273
CasaMapIcon = 31
CasaValor = 80000
CasaInterior = 1
CasaX = 2275.74902343
CasaY = -1767.52795410
CasaZ = 16.55789375
CasaInteriorX = 224.28799438
CasaInteriorY = 1289.19067382
CasaInteriorZ = 1082.14062500
