CasaDono = Nenhum
Casa Texto = Nenhum
CasaId = 64
CasaAVenda = 1
CasaPickup = 1273
CasaMapIcon = 31
CasaValor = 80000
CasaInterior = 1
CasaX = 2275.81347656
CasaY = -1802.74890136
CasaZ = 13.62812519
CasaInteriorX = 224.28799438
CasaInteriorY = 1289.19067382
CasaInteriorZ = 1082.14062500
