CasaDono = Nenhum
Casa Texto = Nenhum
CasaId = 72
CasaAVenda = 1
CasaPickup = 1273
CasaMapIcon = 31
CasaValor = 3000000
CasaInterior = 5
CasaX = 189.63888549
CasaY = -1308.19177246
CasaZ = 70.24937438
CasaInteriorX = 1267.84069824
CasaInteriorY = -776.95867919
CasaInteriorZ = 1091.90625000
