CasaDono = Nenhum
Casa Texto = Nenhum
CasaId = 73
CasaAVenda = 1
CasaPickup = 1273
CasaMapIcon = 31
CasaValor = 150000
CasaInterior = 6
CasaX = 2456.65283203
CasaY = -1102.34313964
CasaZ = 43.86718750
CasaInteriorX = -68.51450347
CasaInteriorY = 1353.84851074
CasaInteriorZ = 1080.21093750
