CasaDono = Nenhum
Casa Texto = Nenhum
CasaId = 75
CasaAVenda = 1
CasaPickup = 1273
CasaMapIcon = 31
CasaValor = 150000
CasaInterior = 6
CasaX = 2519.42407226
CasaY = -1112.09020996
CasaZ = 56.59259796
CasaInteriorX = -68.51450347
CasaInteriorY = 1353.84851074
CasaInteriorZ = 1080.21093750
