CasaDono = Nenhum
Casa Texto = Nenhum
CasaId = 76
CasaAVenda = 1
CasaPickup = 1273
CasaMapIcon = 31
CasaValor = 150000
CasaInterior = 6
CasaX = 2572.02807617
CasaY = -1091.89379882
CasaZ = 67.22572326
CasaInteriorX = -68.51450347
CasaInteriorY = 1353.84851074
CasaInteriorZ = 1080.21093750
