CasaDono = Nenhum
Casa Texto = Nenhum
CasaId = 79
CasaAVenda = 1
CasaPickup = 1273
CasaMapIcon = 31
CasaValor = 150000
CasaInterior = 6
CasaX = 2462.19824218
CasaY = -1011.10620117
CasaZ = 60.11368179
CasaInteriorX = -68.51450347
CasaInteriorY = 1353.84851074
CasaInteriorZ = 1080.21093750
