CasaDono = Nenhum
Casa Texto = Nenhum
CasaId = 80
CasaAVenda = 1
CasaPickup = 1273
CasaMapIcon = 31
CasaValor = 2500000
CasaInterior = 6
CasaX = 989.80383300
CasaY = -828.65551757
CasaZ = 95.46857452
CasaInteriorX = 234.28259277
CasaInteriorY = 1065.22900390
CasaInteriorZ = 1084.21008300
