CasaDono = Nenhum
Casa Texto = Nenhum
CasaId = 81
CasaAVenda = 1
CasaPickup = 1273
CasaMapIcon = 31
CasaValor = 2500000
CasaInterior = 6
CasaX = 835.90905761
CasaY = -894.82366943
CasaZ = 68.76889801
CasaInteriorX = 234.28259277
CasaInteriorY = 1065.22900390
CasaInteriorZ = 1084.21008300
