CasaDono = Nenhum
Casa Texto = Nenhum
CasaId = 83
CasaAVenda = 1
CasaPickup = 1273
CasaMapIcon = 31
CasaValor = 400000
CasaInterior = 5
CasaX = 1580.24230957
CasaY = 2709.04614257
CasaZ = 10.82654380
CasaInteriorX = 227.75590515
CasaInteriorY = 1114.38439941
CasaInteriorZ = 1080.99218750
