CasaDono = Nenhum
Casa Texto = Nenhum
CasaId = 87
CasaAVenda = 1
CasaPickup = 1273
CasaMapIcon = 31
CasaValor = 400000
CasaInterior = 5
CasaX = 1703.54858398
CasaY = 2688.85229492
CasaZ = 10.82654380
CasaInteriorX = 227.75590515
CasaInteriorY = 1114.38439941
CasaInteriorZ = 1080.99218750
