CasaDono = Nenhum
Casa Texto = Nenhum
CasaId = 96
CasaAVenda = 1
CasaPickup = 1273
CasaMapIcon = 31
CasaValor = 400000
CasaInterior = 5
CasaX = -1675.37817382
CasaY = 1376.90173339
CasaZ = 7.17968750
CasaInteriorX = 227.75590515
CasaInteriorY = 1114.38439941
CasaInteriorZ = 1080.99218750
