CasaDono = Nenhum
Casa Texto = Nenhum
CasaId = 97
CasaAVenda = 1
CasaPickup = 1273
CasaMapIcon = 31
CasaValor = 400000
CasaInterior = 5
CasaX = -1659.02539062
CasaY = 1368.48583984
CasaZ = 7.17218971
CasaInteriorX = 227.75590515
CasaInteriorY = 1114.38439941
CasaInteriorZ = 1080.99218750
