SmID = 0
Jackpot = 182000
PozX = 1678.95715332
PozY = -2288.09716796
PozZ = 13.53097724
PozXX = 1678.23828125
PozYY = -2288.00854492
PozZZ = 14.19097328
RotXX = 0.00000000
RotYY = 0.00000000
RotZZ = 88.10001373
