RadarID = 8
RadarVelocidade = 125
RadarPosX = 1339.33862304
RadarPosY = -2308.88061523
RadarPosZ = 13.54687500
RadarPosR = 0.01978234
