RadarID = 55
RadarVelocidade = 110
RadarPosX = -2395.86181640
RadarPosY = -419.83044433
RadarPosZ = 83.91151428
RadarPosR = 239.50573730
