RadarID = 0
RadarVelocidade = 120
RadarPosX = 1055.24719238
RadarPosY = -1950.06530761
RadarPosZ = 13.14663982
RadarPosR = 359.83331298
