RadarID = 39
RadarVelocidade = 80
RadarPosX = 499.10269165
RadarPosY = 713.00122070
RadarPosZ = 4.12806653
RadarPosR = 241.60566711
