RadarID = 51
RadarVelocidade = 100
RadarPosX = 1841.58471679
RadarPosY = -1356.00366210
RadarPosZ = 13.56250000
RadarPosR = 179.74899291
