RadarID = 56
RadarVelocidade = 110
RadarPosX = -2671.57080078
RadarPosY = -413.80136108
RadarPosZ = 32.16401290
RadarPosR = 140.86154174
