RadarID = 50
RadarVelocidade = 100
RadarPosX = 1552.20361328
RadarPosY = -1166.25793457
RadarPosZ = 24.07812500
RadarPosR = 268.88204956
