RadarID = 31
RadarVelocidade = 120
RadarPosX = -1599.77233886
RadarPosY = -792.05126953
RadarPosZ = 48.34237670
RadarPosR = 72.24634552
