RadarID = 49
RadarVelocidade = 100
RadarPosX = 1350.07092285
RadarPosY = -1384.82409667
RadarPosZ = 13.59350299
RadarPosR = 359.19619750
