RadarID = 29
RadarVelocidade = 120
RadarPosX = -661.08294677
RadarPosY = -238.61816406
RadarPosZ = 63.46482467
RadarPosR = 96.10885620
