RadarID = 60
RadarVelocidade = 110
RadarPosX = -1449.10766601
RadarPosY = 774.23547363
RadarPosZ = 47.20397186
RadarPosR = 314.35076904
