RadarID = 59
RadarVelocidade = 110
RadarPosX = -1892.47949218
RadarPosY = 69.82917785
RadarPosZ = 39.37620925
RadarPosR = 180.73966979
