RadarID = 20
RadarVelocidade = 105
RadarPosX = 2337.09033203
RadarPosY = -1508.25708007
RadarPosZ = 24.00000000
RadarPosR = 180.46646118
