RadarID = 54
RadarVelocidade = 110
RadarPosX = -2344.33666992
RadarPosY = -691.59442138
RadarPosZ = 113.74454498
RadarPosR = 5.54086017
