pSenha = 2D25D8EF7652CD799E36948E43FEB4B1079055BF303FEA86E2E18B3A4447E59F
pEmail = (null)
IDF = 10042
pSexo = 0
pSkin = 0
pDinheiro = 0
pBanco = 0
pIdade = 0
pSegundosJogados = 0
pAvisos = 0
pCadeia = 0
pAdmin = 0
pLastLogin = 0
pInterior = 0
pPosX = 0.00000000
pPosY = 0.00000000
pPosZ = 0.00000000
pPosA = 0.00000000
pCamX = 0.00000000
pCamY = 0.00000000
pCamZ = 0.00000000
pCongelado = false
pCalado = false
pFome = 0
pSede = 0
pVIP = 0
pCoins = 0
pProfissao = 0
pOrg = 0
pCargo = 0
pProcurado = 0
pMultas = 0
pCasa = -1
pLevel = 0
pXP = 0
LicencaConduzir = 0
pNome = (null)
pNascimento = (null)
pPai = (null)
pMae = (null)
pRG = 0
pCarteiraT = 0
