pSenha = A9B425A07B1F3019F098D70808BE0FC545FDB7E6757CD02D491130CA84CF044C
pEmail = ggsamp@gmail.com
IDF = 10007
pSexo = 1
pSkin = 59
pDinheiro = 500
pBanco = 0
pIdade = 0
pSegundosJogados = 2068
pAvisos = 0
pCadeia = 0
pAdmin = 7
pLastLogin = 01/10/2023 - 00:09
pInterior = 0
pPosX = -1705.10998535
pPosY = 692.52618408
pPosZ = 24.89062500
pPosA = 286.14028930
pCamX = -1710.93383789
pCamY = 688.73138427
pCamZ = 25.35630035
pCongelado = false
pCalado = false
pFome = 89
pSede = 84
pVIP = 0
pCoins = 0
pProfissao = 0
pOrg = 1
pCargo = 3
pProcurado = 0
pMultas = 0
pCasa = -1
pLevel = 0
pXP = 0
LicencaConduzir = 0
pNome = Luan de Paula Rosa
pNascimento = 21/07/2005
pPai = Luciene Ribeiro de Paula
pMae = Adeilton Vieira Rosa
pRG = 0
pCarteiraT = 0
