pSenha = EFB5F4AE3F6B4C46ACD9007C317C63EE5495D69C54CC7B2E7988ACFE177D822B
pEmail = nicksonleal@gmail.com.b
IDF = 10035
pSexo = 1
pSkin = 2
pDinheiro = 500
pBanco = 0
pIdade = 0
pSegundosJogados = 20
pAvisos = 0
pCadeia = 0
pAdmin = 0
pLastLogin = 02/10/2023 - 22:06
pInterior = 0
pPosX = -1972.10046386
pPosY = 137.95350646
pPosZ = 27.68750000
pPosA = 90.03691101
pCamX = -1968.64343261
pCamY = 137.95570373
pCamZ = 28.83250045
pCongelado = false
pCalado = false
pFome = 100
pSede = 100
pVIP = 0
pCoins = 0
pProfissao = 0
pOrg = 0
pCargo = 0
pProcurado = 0
pMultas = 0
pCasa = -1
pLevel = 0
pXP = 0
LicencaConduzir = 0
pNome = (null)
pNascimento = (null)
pPai = (null)
pMae = (null)
pRG = 0
pCarteiraT = 0
