pSenha = 0FE4FD3B8489A496E5A1722BDF4F854DF8D260C2411B629BED0DE800C30DE83D
pEmail = nicksonleal@gmail.com..
IDF = 10034
pSexo = 1
pSkin = 2
pDinheiro = 500
pBanco = 0
pIdade = 0
pSegundosJogados = 0
pAvisos = 0
pCadeia = 0
pAdmin = 0
pLastLogin = 02/10/2023 - 22:04
pInterior = 0
pPosX = 1981.03894042
pPosY = 1191.06140136
pPosZ = 27.82825851
pPosA = 0.00000000
pCamX = 1981.03894042
pCamY = 1191.06140136
pCamZ = 27.82825851
pCongelado = false
pCalado = false
pFome = 99
pSede = 98
pVIP = 0
pCoins = 0
pProfissao = 0
pOrg = 0
pCargo = 0
pProcurado = 0
pMultas = 0
pCasa = -1
pLevel = 0
pXP = 0
LicencaConduzir = 0
pNome = (null)
pNascimento = (null)
pPai = (null)
pMae = (null)
pRG = 0
pCarteiraT = 0
