pSenha = 0EE6466A57B9B68ADE6270BF031E045B455B85F084F1C49BAC090E4F4CD08DE1
pEmail = billytulioofc@gmail.com
IDF = 10051
pSexo = 1
pSkin = 29
pDinheiro = 500
pBanco = 0
pIdade = 0
pSegundosJogados = 1086
pAvisos = 0
pCadeia = 0
pAdmin = 0
pLastLogin = 09/10/2023 - 20:18
pInterior = 0
pPosX = 618.74224853
pPosY = -9.22833251
pPosZ = 1000.99029541
pPosA = 186.95347595
pCamX = 616.99688720
pCamY = -6.69610023
pCamZ = 1003.08062744
pCongelado = false
pCalado = false
pFome = -22
pSede = -16
pVIP = 0
pCoins = 0
pProfissao = 0
pOrg = 0
pCargo = 0
pProcurado = 0
pMultas = 0
pCasa = -1
pLevel = 0
pXP = 0
LicencaConduzir = 0
pNome = Billy Tulio Ferreira
pNascimento = 05 04 1995
pPai = Felipe da Costa Lima
pMae = Larissa de Souza da Silva
pRG = 1
pCarteiraT = 0
