pSenha = D91810EFE326E892993ED51E5E21FCF9B3193DBE07CF0ABB70310B5EABA40950
pEmail = contagemada255@gmail.co
IDF = 10031
pSexo = 1
pSkin = 2
pDinheiro = 500
pBanco = 0
pIdade = 0
pSegundosJogados = 50
pAvisos = 0
pCadeia = 0
pAdmin = 0
pLastLogin = 02/10/2023 - 21:56
pInterior = 0
pPosX = -2000.33349609
pPosY = 127.51468658
pPosZ = 27.67986297
pPosA = 131.33317565
pCamX = -1998.59082031
pCamY = 125.40930175
pCamZ = 30.04619979
pCongelado = false
pCalado = false
pFome = 99
pSede = 99
pVIP = 0
pCoins = 0
pProfissao = 0
pOrg = 0
pCargo = 0
pProcurado = 0
pMultas = 0
pCasa = -1
pLevel = 0
pXP = 0
LicencaConduzir = 0
pNome = (null)
pNascimento = (null)
pPai = (null)
pMae = (null)
pRG = 0
pCarteiraT = 0
