pSenha = C96D6F74002F3B9BE128E8B8B9A6A2A301EFAE13A4AA76EE71D5EB18099BE22A
pEmail = (null)
IDF = 10053
pSexo = 0
pSkin = 0
pDinheiro = 9464
pBanco = -3955
pIdade = 0
pSegundosJogados = 4288
pAvisos = 0
pCadeia = 0
pAdmin = 0
pLastLogin = 08/10/2023 - 11:16
pInterior = 0
pPosX = -1972.10046386
pPosY = 137.95350646
pPosZ = 27.68750000
pPosA = 90.03691101
pCamX = -1968.85241699
pCamY = 136.79370117
pCamZ = 28.88220024
pCongelado = false
pCalado = false
pFome = -98
pSede = -100
pVIP = 0
pCoins = 0
pProfissao = 2
pOrg = 0
pCargo = 0
pProcurado = 0
pMultas = 4432
pCasa = -1
pLevel = 0
pXP = 0
LicencaConduzir = 0
pNome = (null)
pNascimento = (null)
pPai = (null)
pMae = Joselia Maria gozada da silva
pRG = 1
pCarteiraT = 0
