pSenha = F27747F30DEA8F16EDD38B3ECF4CEBD311342D5F3F25547E4913F952F377AB84
pEmail = sememail@gmail.com
IDF = 10016
pSexo = 1
pSkin = 2
pDinheiro = 33950
pBanco = 184000
pIdade = 0
pSegundosJogados = 10430
pAvisos = 0
pCadeia = 0
pAdmin = 6
pLastLogin = 10/10/2023 - 01:52
pInterior = 0
pPosX = -1991.70141601
pPosY = 292.71289062
pPosZ = 33.88097763
pPosA = 282.83575439
pCamX = -1996.97717285
pCamY = 296.25561523
pCamZ = 33.88069915
pCongelado = false
pCalado = false
pFome = -230
pSede = -232
pVIP = 0
pCoins = 0
pProfissao = 0
pOrg = 0
pCargo = 0
pProcurado = 0
pMultas = 6740
pCasa = -1
pLevel = 0
pXP = 0
LicencaConduzir = 0
pNome = Chosen Estranho
pNascimento = 08/03/2002
pPai = Caga tronco
pMae = Mestruada
pRG = 1
pCarteiraT = 0
