pSenha = 58260130A2AB5FF3293313F482110556EB335F2605316E4B4316D78667B3C1E4
pEmail = ehajaj@gmail.com
IDF = 10058
pSexo = 1
pSkin = 6
pDinheiro = 500
pBanco = 0
pIdade = 0
pSegundosJogados = 444
pAvisos = 0
pCadeia = 0
pAdmin = 0
pLastLogin = 08/10/2023 - 19:04
pInterior = 0
pPosX = -2006.94348144
pPosY = 200.10124206
pPosZ = 27.53906250
pPosA = 0.78733336
pCamX = -2006.41943359
pCamY = 184.24009704
pCamZ = 28.60160064
pCongelado = false
pCalado = false
pFome = -14
pSede = -10
pVIP = 0
pCoins = 0
pProfissao = 0
pOrg = 0
pCargo = 0
pProcurado = 0
pMultas = 0
pCasa = -1
pLevel = 0
pXP = 0
LicencaConduzir = 0
pNome = (null)
pNascimento = (null)
pPai = (null)
pMae = (null)
pRG = 0
pCarteiraT = 0
