pSenha = 9B5916D08049CEBD29F4017B4662472693EE2E3B94ADC77E9B36BD36D4B56C61
pEmail = henriquejose1257@gmail.
IDF = 10024
pSexo = 1
pSkin = 1
pDinheiro = 500
pBanco = 0
pIdade = 0
pSegundosJogados = 306
pAvisos = 0
pCadeia = 0
pAdmin = 0
pLastLogin = 01/10/2023 - 16:26
pInterior = 0
pPosX = 0.00000000
pPosY = 0.00000000
pPosZ = 0.00000000
pPosA = 0.00000000
pCamX = 0.00000000
pCamY = 0.00000000
pCamZ = 0.00000000
pCongelado = false
pCalado = false
pFome = 97
pSede = 99
pVIP = 0
pCoins = 0
pProfissao = 0
pOrg = 0
pCargo = 0
pProcurado = 0
pMultas = 0
pCasa = -1
pLevel = 0
pXP = 0
LicencaConduzir = 0
pNome = (null)
pNascimento = (null)
pPai = (null)
pMae = (null)
pRG = 0
pCarteiraT = 0
