pSenha = 8759CDC07A9585DF0BA8ED2BD8E21FB899D56022E9CD2F84028A821F3633CB1F
pEmail = felipexd1029@gmail.com
IDF = 10039
pSexo = 1
pSkin = 18
pDinheiro = 500
pBanco = 0
pIdade = 0
pSegundosJogados = 68
pAvisos = 0
pCadeia = 0
pAdmin = 0
pLastLogin = 03/10/2023 - 12:47
pInterior = 0
pPosX = -2029.65856933
pPosY = 176.20576477
pPosZ = 28.83593750
pPosA = 275.59866333
pCamX = -2030.74902343
pCamY = 175.34300231
pCamZ = 28.19020080
pCongelado = false
pCalado = false
pFome = 97
pSede = 97
pVIP = 0
pCoins = 0
pProfissao = 0
pOrg = 0
pCargo = 0
pProcurado = 0
pMultas = 0
pCasa = -1
pLevel = 0
pXP = 0
LicencaConduzir = 0
pNome = (null)
pNascimento = (null)
pPai = (null)
pMae = (null)
pRG = 0
pCarteiraT = 0
