pSenha = 6D34C17882D64D6A7BC7B29CDA6D32C136BEB962241B532880FBE42F98B67900
pEmail = guilhermejulio211@gmail
IDF = 10043
pSexo = 1
pSkin = 2
pDinheiro = 500
pBanco = 0
pIdade = 0
pSegundosJogados = 30
pAvisos = 0
pCadeia = 0
pAdmin = 0
pLastLogin = 04/10/2023 - 22:16
pInterior = 0
pPosX = -1972.10046386
pPosY = 137.95350646
pPosZ = 27.68750000
pPosA = 90.03691101
pCamX = -1975.05554199
pCamY = 139.82780456
pCamZ = 28.31739997
pCongelado = false
pCalado = false
pFome = 100
pSede = 100
pVIP = 0
pCoins = 0
pProfissao = 0
pOrg = 0
pCargo = 0
pProcurado = 0
pMultas = 0
pCasa = -1
pLevel = 0
pXP = 0
LicencaConduzir = 0
pNome = (null)
pNascimento = (null)
pPai = (null)
pMae = (null)
pRG = 0
pCarteiraT = 0
