pSenha = D4AA0066FE712F507CAE188C5735B1FB04519AD352E7D6F0FF144F350D00CB92
pEmail = gustavorodriguesdoss@gm
IDF = 10047
pSexo = 1
pSkin = 1
pDinheiro = 500
pBanco = 0
pIdade = 0
pSegundosJogados = 150
pAvisos = 0
pCadeia = 0
pAdmin = 0
pLastLogin = 06/10/2023 - 18:13
pInterior = 0
pPosX = -2023.69970703
pPosY = 240.94761657
pPosZ = 32.25891876
pPosA = 353.52740478
pCamX = -2024.73522949
pCamY = 237.97880554
pCamZ = 33.75910186
pCongelado = false
pCalado = false
pFome = 0
pSede = 0
pVIP = 0
pCoins = 0
pProfissao = 0
pOrg = 0
pCargo = 0
pProcurado = 0
pMultas = 0
pCasa = -1
pLevel = 0
pXP = 0
LicencaConduzir = 0
pNome = (null)
pNascimento = (null)
pPai = (null)
pMae = (null)
pRG = 0
pCarteiraT = 0
