pSenha = ABCE354CC49EC3C9A071A13F524E8F74302B60BDCF6C0573A251DF0736A52821
pEmail = blackpanther162006@gmai
IDF = 10046
pSexo = 1
pSkin = 2
pDinheiro = 500
pBanco = 0
pIdade = 0
pSegundosJogados = 5092
pAvisos = 0
pCadeia = 0
pAdmin = 0
pLastLogin = 09/10/2023 - 14:44
pInterior = 0
pPosX = -2030.19384765
pPosY = -986.85174560
pPosZ = 32.21215820
pPosA = 270.93020629
pCamX = -2030.54516601
pCamY = -987.98901367
pCamZ = 31.98419952
pCongelado = false
pCalado = false
pFome = -85
pSede = -87
pVIP = 0
pCoins = 0
pProfissao = 0
pOrg = 1
pCargo = 3
pProcurado = 0
pMultas = 0
pCasa = -1
pLevel = 0
pXP = 0
LicencaConduzir = 0
pNome = (null)
pNascimento = (null)
pPai = (null)
pMae = (null)
pRG = 0
pCarteiraT = 0
