pSenha = 3D66D9201EE3240AD42AF47750C09D32F443E9EDD0B17DD66161E5F9496516B8
pEmail = samp@gmail.com
IDF = 10006
pSexo = 1
pSkin = 280
pDinheiro = 500
pBanco = -9427
pIdade = 0
pSegundosJogados = 51828
pAvisos = 0
pCadeia = 0
pAdmin = 6
pLastLogin = 10/10/2023 - 11:19
pInterior = 0
pPosX = -940.08587646
pPosY = 2642.60180664
pPosZ = 42.39668273
pPosA = 140.98831176
pCamX = -935.25659179
pCamY = 2639.97631835
pCamZ = 43.93370056
pCongelado = false
pCalado = false
pFome = 0
pSede = 0
pVIP = 0
pCoins = 0
pProfissao = 0
pOrg = 0
pCargo = 0
pProcurado = 0
pMultas = 29107
pCasa = -1
pLevel = 0
pXP = 0
LicencaConduzir = 0
pNome = Hernandez Ramos Luxemburgo
pNascimento = 11/01/1990
pPai = Rogerio Luxemburgo 
pMae = Cecilia Ramos
pRG = 1
pCarteiraT = 0
