pSenha = 377D15D0491DC2246CD0291433049370AAAC12D9E29914B55A1A12E6B4E42FF3
pEmail = jc2948412@gmail.com
IDF = 10010
pSexo = 1
pSkin = 2
pDinheiro = 500
pBanco = 0
pIdade = 0
pSegundosJogados = 700
pAvisos = 0
pCadeia = 0
pAdmin = 0
pLastLogin = 30/09/2023 - 15:36
pInterior = 0
pPosX = -1512.84179687
pPosY = -813.87701416
pPosZ = 58.74591827
pPosA = 108.86885833
pCamX = -1518.21765136
pCamY = -813.58850097
pCamZ = 59.33670043
pCongelado = false
pCalado = false
pFome = 93
pSede = 93
pVIP = 0
pCoins = 0
pProfissao = 0
pOrg = 0
pCargo = 0
pProcurado = 0
pMultas = 0
pCasa = -1
pLevel = 0
pXP = 0
LicencaConduzir = 1
pNome = Mateus Bittencourt
pNascimento = 07/04/2000
pPai = Adrian bittencourt
pMae = Maria Fernanda
pRG = 0
pCarteiraT = 0
