pSenha = B25825B360C01F39A02B3CF873B870C9BF9B558E5674D7195BBA2A18AC29E8EC
pEmail = valeriajoaovictor11@gma
IDF = 10027
pSexo = 1
pSkin = 3
pDinheiro = 500
pBanco = 0
pIdade = 0
pSegundosJogados = 172
pAvisos = 0
pCadeia = 0
pAdmin = 0
pLastLogin = 02/10/2023 - 21:16
pInterior = 0
pPosX = -2017.81958007
pPosY = 139.46292114
pPosZ = 27.94312477
pPosA = 277.19183349
pCamX = -2020.43273925
pCamY = 137.54359436
pCamZ = 28.94459915
pCongelado = false
pCalado = false
pFome = 100
pSede = 100
pVIP = 0
pCoins = 0
pProfissao = 0
pOrg = 0
pCargo = 0
pProcurado = 0
pMultas = 0
pCasa = -1
pLevel = 0
pXP = 0
LicencaConduzir = 1
pNome = (null)
pNascimento = (null)
pPai = (null)
pMae = (null)
pRG = 0
pCarteiraT = 0
