pSenha = 35D22E31986F0D463D275B5ACBB14046EB0E3A01F98A7C829EF9E0435171DCCA
pEmail = luanrosabnh@gmail.com
IDF = 10001
pSexo = 1
pSkin = 18
pDinheiro = 500
pBanco = 56739
pIdade = 0
pSegundosJogados = 27198
pAvisos = 0
pCadeia = 0
pAdmin = 7
pLastLogin = 10/10/2023 - 01:06
pInterior = 0
pPosX = -2003.21154785
pPosY = 174.23571777
pPosZ = 27.53906250
pPosA = 232.68693542
pCamX = -2005.06420898
pCamY = 176.58299255
pCamZ = 29.51309967
pCongelado = false
pCalado = false
pFome = -219
pSede = -203
pVIP = 2
pCoins = 5000
pProfissao = 0
pOrg = 0
pCargo = 0
pProcurado = 0
pMultas = 5378
pCasa = -1
pLevel = 0
pXP = 0
LicencaConduzir = 0
pNome = Luan de Paula Rosa
pNascimento = 21/07/2005
pPai = Adeilton Vieira Rosa
pMae = Luciene Ribeiro de Paula 
pRG = 1
pCarteiraT = 0
