pSenha = 12B01AB9BB92E17E5EDA68083E4535B98684A32EC16B8E8C6FA7AE03C6D81338
pEmail = nicksonleal@gmail.com.b
IDF = 10032
pSexo = 1
pSkin = 2
pDinheiro = 500
pBanco = 0
pIdade = 0
pSegundosJogados = 24
pAvisos = 0
pCadeia = 0
pAdmin = 0
pLastLogin = 02/10/2023 - 21:59
pInterior = 0
pPosX = -1972.23876953
pPosY = 137.95341491
pPosZ = 27.68750000
pPosA = 90.03691101
pCamX = -1969.22155761
pCamY = 138.98660278
pCamZ = 29.70630073
pCongelado = false
pCalado = false
pFome = 100
pSede = 100
pVIP = 0
pCoins = 0
pProfissao = 0
pOrg = 0
pCargo = 0
pProcurado = 0
pMultas = 0
pCasa = -1
pLevel = 0
pXP = 0
LicencaConduzir = 0
pNome = (null)
pNascimento = (null)
pPai = (null)
pMae = (null)
pRG = 0
pCarteiraT = 0
