pSenha = CB74F6ED8D8B01C6F95460D71FFC3DCCCFEAFB6759BA1A614046214015397400
pEmail = marcosgabriel@gmail.com
IDF = 10049
pSexo = 1
pSkin = 156
pDinheiro = 544
pBanco = -1961
pIdade = 0
pSegundosJogados = 7722
pAvisos = 0
pCadeia = 0
pAdmin = 0
pLastLogin = 09/10/2023 - 22:11
pInterior = 0
pPosX = 1662.04699707
pPosY = -283.93920898
pPosZ = 39.44298171
pPosA = 186.37182617
pCamX = 1661.79858398
pCamY = -292.01699829
pCamZ = 47.70209884
pCongelado = false
pCalado = false
pFome = -219
pSede = -214
pVIP = 0
pCoins = 0
pProfissao = 1
pOrg = 2
pCargo = 3
pProcurado = 0
pMultas = 0
pCasa = -1
pLevel = 0
pXP = 0
LicencaConduzir = 0
pNome = Marcos Antonio Bone Segundo
pNascimento = 01/08/1977
pPai = Max Antonio Bone
pMae = Maria Juliana Bone
pRG = 1
pCarteiraT = 0
