pSenha = ADC1F288DAAA946DD54E0709CD5B243F25C6E566A6DD46D8DD7DFB7D92B38689
pEmail = kaiquesantoslggj@gmail.
IDF = 10026
pSexo = 1
pSkin = 2
pDinheiro = 500
pBanco = 0
pIdade = 0
pSegundosJogados = 276
pAvisos = 0
pCadeia = 0
pAdmin = 0
pLastLogin = 02/10/2023 - 21:33
pInterior = 0
pPosX = -2748.41284179
pPosY = 376.14678955
pPosZ = 4.13281250
pPosA = 266.56942749
pCamX = -2751.48168945
pCamY = 376.33068847
pCamZ = 4.88660001
pCongelado = false
pCalado = false
pFome = 98
pSede = 97
pVIP = 0
pCoins = 0
pProfissao = 0
pOrg = 0
pCargo = 0
pProcurado = 0
pMultas = 0
pCasa = -1
pLevel = 0
pXP = 0
LicencaConduzir = 1
pNome = (null)
pNascimento = (null)
pPai = (null)
pMae = (null)
pRG = 0
pCarteiraT = 0
