pSenha = 76E12B06D0D21B66421D716160B4E0E40E17AEE701B71DA95E00388B3955BEF6
pEmail = kacleidson@gmail.com
IDF = 10041
pSexo = 1
pSkin = 2
pDinheiro = 500
pBanco = 0
pIdade = 0
pSegundosJogados = 204
pAvisos = 0
pCadeia = 0
pAdmin = 0
pLastLogin = 03/10/2023 - 12:59
pInterior = 0
pPosX = -1904.10058593
pPosY = -584.30554199
pPosZ = 24.04517745
pPosA = 58.13528442
pCamX = -2027.87597656
pCamY = -101.56449890
pCamZ = 35.76950073
pCongelado = false
pCalado = false
pFome = 98
pSede = 98
pVIP = 0
pCoins = 0
pProfissao = 0
pOrg = 0
pCargo = 0
pProcurado = 0
pMultas = 0
pCasa = -1
pLevel = 0
pXP = 0
LicencaConduzir = 0
pNome = (null)
pNascimento = (null)
pPai = (null)
pMae = (null)
pRG = 0
pCarteiraT = 0
