pSenha = EFB5F4AE3F6B4C46ACD9007C317C63EE5495D69C54CC7B2E7988ACFE177D822B
pEmail = nicksonleal@gmail.com.c
IDF = 10019
pSexo = 1
pSkin = 2
pDinheiro = 500
pBanco = 0
pIdade = 0
pSegundosJogados = 1780
pAvisos = 0
pCadeia = 0
pAdmin = 0
pLastLogin = 02/10/2023 - 20:38
pInterior = 0
pPosX = -1972.24267578
pPosY = 135.50247192
pPosZ = 27.68750000
pPosA = 68.19418334
pCamX = -1969.71081542
pCamY = 137.06849670
pCamZ = 30.06209945
pCongelado = false
pCalado = false
pFome = 71
pSede = 72
pVIP = 0
pCoins = 0
pProfissao = 6
pOrg = 0
pCargo = 0
pProcurado = 0
pMultas = 0
pCasa = -1
pLevel = 0
pXP = 0
LicencaConduzir = 1
pNome = nickson leal da Silva 
pNascimento = 01
pPai = nickson leal da Silva 
pMae = (null)
pRG = 1
pCarteiraT = 0
