pSenha = EB2E4AED3EE175EC4ED18D215235EF52E682005DEC7BA45A78122A6F5E8D0EFC
pEmail = hebrazpablo@gmail.com
IDF = 10011
pSexo = 1
pSkin = 21
pDinheiro = 500
pBanco = 0
pIdade = 0
pSegundosJogados = 402
pAvisos = 0
pCadeia = 0
pAdmin = 0
pLastLogin = 30/09/2023 - 15:39
pInterior = 0
pPosX = -2712.12500000
pPosY = 239.07342529
pPosZ = 4.32812500
pPosA = 183.51286315
pCamX = -2715.26831054
pCamY = 238.45730590
pCamZ = 5.72709989
pCongelado = false
pCalado = false
pFome = 96
pSede = 94
pVIP = 0
pCoins = 0
pProfissao = 0
pOrg = 0
pCargo = 0
pProcurado = 0
pMultas = 0
pCasa = -1
pLevel = 0
pXP = 0
LicencaConduzir = 0
pNome = Pablo_braz
pNascimento = 11/10/2009
pPai = Celso braz
pMae = elionora maria dos santos Braz 
pRG = 0
pCarteiraT = 0
