pSenha = 73775D252EA678EF372CE00CC2FD36FC493235382CAF11104A83CD5E586CF709
pEmail = phzin167@gmail.com
IDF = 10059
pSexo = 1
pSkin = 3
pDinheiro = 500
pBanco = 0
pIdade = 0
pSegundosJogados = 106
pAvisos = 0
pCadeia = 0
pAdmin = 0
pLastLogin = 09/10/2023 - 12:27
pInterior = 0
pPosX = -2003.14160156
pPosY = 65.45155334
pPosZ = 28.71677589
pPosA = 75.33807373
pCamX = -2004.42382812
pCamY = 68.40290069
pCamZ = 33.83319854
pCongelado = false
pCalado = false
pFome = -8
pSede = -5
pVIP = 0
pCoins = 0
pProfissao = 0
pOrg = 0
pCargo = 0
pProcurado = 0
pMultas = 0
pCasa = -1
pLevel = 0
pXP = 0
LicencaConduzir = 0
pNome = (null)
pNascimento = (null)
pPai = (null)
pMae = (null)
pRG = 0
pCarteiraT = 0
