pSenha = 393D9BC37EB50B6A6F4C1A6E5E15352F3C5A96EA908816D28704323C8084ABAA
pEmail = (null)
IDF = 10044
pSexo = 0
pSkin = 0
pDinheiro = 0
pBanco = 0
pIdade = 0
pSegundosJogados = 76
pAvisos = 0
pCadeia = 0
pAdmin = 0
pLastLogin = 04/10/2023 - 22:36
pInterior = 0
pPosX = 221.18472290
pPosY = -71.77843475
pPosZ = 1.42968750
pPosA = 294.77264404
pCamX = 218.82650756
pCamY = -74.26860046
pCamZ = 2.61910009
pCongelado = false
pCalado = false
pFome = 0
pSede = 0
pVIP = 0
pCoins = 0
pProfissao = 0
pOrg = 0
pCargo = 0
pProcurado = 0
pMultas = 0
pCasa = -1
pLevel = 0
pXP = 0
LicencaConduzir = 0
pNome = (null)
pNascimento = (null)
pPai = (null)
pMae = (null)
pRG = 0
pCarteiraT = 0
