pSenha = 99B30405633B567A95EFD3B059049931E1707913B15B9C46F654DAC7F4DE56D7
pEmail = incrivelmatheuso@gmail.
IDF = 10002
pSexo = 1
pSkin = 2
pDinheiro = 500
pBanco = 0
pIdade = 0
pSegundosJogados = 522
pAvisos = 0
pCadeia = 0
pAdmin = 0
pLastLogin = 29/09/2023 - 12:40
pInterior = 0
pPosX = -2079.12963867
pPosY = 634.67065429
pPosZ = 51.94548034
pPosA = 298.84729003
pCamX = -2083.95458984
pCamY = 636.71160888
pCamZ = 53.91320037
pCongelado = false
pCalado = false
pFome = 98
pSede = 96
pVIP = 0
pCoins = 0
pProfissao = 1
pOrg = 0
pCargo = 0
pProcurado = 0
pMultas = 0
pCasa = -1
pLevel = 0
pXP = 0
LicencaConduzir = 0
pNome = Luan de Paula Rosa
pNascimento = 21/07/2005
pPai = Luciene Ribeiro de Paula
pMae = Adeilton Vieira Rosa
pRG = 0
pCarteiraT = 0
