pSenha = 8524438DFE3099D21710179E7CFE5B16E4FE78E9E2E84D50AD0C9EB6B9AAB098
pEmail = samuel@gmail.com
IDF = 10012
pSexo = 1
pSkin = 17
pDinheiro = 500
pBanco = 0
pIdade = 0
pSegundosJogados = 2398
pAvisos = 0
pCadeia = 0
pAdmin = 0
pLastLogin = 06/10/2023 - 16:55
pInterior = 0
pPosX = -2010.82421875
pPosY = -993.62353515
pPosZ = 37.25468063
pPosA = 352.88900756
pCamX = -2011.56518554
pCamY = -996.90301513
pCamZ = 38.74110031
pCongelado = false
pCalado = false
pFome = -10
pSede = -11
pVIP = 0
pCoins = 0
pProfissao = 0
pOrg = 1
pCargo = 1
pProcurado = 0
pMultas = 0
pCasa = -1
pLevel = 0
pXP = 0
LicencaConduzir = 0
pNome = Luan de Paula Rosa
pNascimento = 21/07/2005
pPai = Luciene Ribeiro de Paula
pMae = Adeilton Vieira Rosa
pRG = 0
pCarteiraT = 0
