pSenha = 40A5989795B90B8CC99980888F445B42B98038BD38680B788A1E474A952ADC0B
pEmail = enzofontoura.9@gmail.co
IDF = 10048
pSexo = 1
pSkin = 22
pDinheiro = 500
pBanco = 0
pIdade = 0
pSegundosJogados = 3470
pAvisos = 0
pCadeia = 0
pAdmin = 0
pLastLogin = 09/10/2023 - 22:05
pInterior = 0
pPosX = 610.97723388
pPosY = -586.59197998
pPosZ = 17.22656250
pPosA = 71.11775207
pCamX = 615.20831298
pCamY = -589.44030761
pCamZ = 18.10169982
pCongelado = false
pCalado = false
pFome = -66
pSede = -57
pVIP = 0
pCoins = 0
pProfissao = 0
pOrg = 2
pCargo = 3
pProcurado = 0
pMultas = 0
pCasa = -1
pLevel = 0
pXP = 0
LicencaConduzir = 0
pNome = Snow Fontoura da Silva 
pNascimento = 27/10/2000
pPai = Ednaldo Jos da Silva 
pMae = Vanesca Fontoura da Silva 
pRG = 1
pCarteiraT = 0
