pSenha = 9C993B93448CD8FD66B467BCE261AD751B513DCF595E2F7CC375AFF62DFDEF54
pEmail = 12345@gmail.com
IDF = 10050
pSexo = 1
pSkin = 154
pDinheiro = 500
pBanco = 0
pIdade = 0
pSegundosJogados = 100
pAvisos = 0
pCadeia = 0
pAdmin = 0
pLastLogin = 07/10/2023 - 03:40
pInterior = 0
pPosX = -1992.42431640
pPosY = 138.37290954
pPosZ = 27.13498878
pPosA = 64.99565124
pCamX = -1987.28234863
pCamY = 139.85009765
pCamZ = 28.56380081
pCongelado = false
pCalado = false
pFome = 100
pSede = 100
pVIP = 0
pCoins = 0
pProfissao = 0
pOrg = 0
pCargo = 0
pProcurado = 0
pMultas = 0
pCasa = -1
pLevel = 0
pXP = 0
LicencaConduzir = 0
pNome = (null)
pNascimento = (null)
pPai = (null)
pMae = (null)
pRG = 0
pCarteiraT = 0
