RadarID = 45
RadarVelocidade = 90
RadarPosX = 191.18511962
RadarPosY = -1616.95690917
RadarPosZ = 14.59722042
RadarPosR = 40.13839721
