RadarID = 15
RadarVelocidade = 135
RadarPosX = 2885.96166992
RadarPosY = -689.56677246
RadarPosZ = 10.83593750
RadarPosR = 179.18194580
