RadarID = 2
RadarVelocidade = 60
RadarPosX = 1478.14660644
RadarPosY = -1727.11889648
RadarPosZ = 13.54687500
RadarPosR = 269.84594726
