RadarID = 12
RadarVelocidade = 175
RadarPosX = 1885.47009277
RadarPosY = 284.21511840
RadarPosZ = 28.31274604
RadarPosR = 287.29684448
