RadarID = 7
RadarVelocidade = 165
RadarPosX = 1117.66052246
RadarPosY = -2377.86279296
RadarPosZ = 11.71475028
RadarPosR = 229.43005371
