RadarID = 44
RadarVelocidade = 120
RadarPosX = -153.38442993
RadarPosY = -1287.75024414
RadarPosZ = 2.94555568
RadarPosR = 353.83065795
