RadarID = 32
RadarVelocidade = 126
RadarPosX = -2239.56152343
RadarPosY = -385.93023681
RadarPosZ = 51.01562500
RadarPosR = 19.17262268
