RadarID = 22
RadarVelocidade = 125
RadarPosX = 2182.79809570
RadarPosY = -1553.40319824
RadarPosZ = 2.34952354
RadarPosR = 66.41764068
