RadarID = 24
RadarVelocidade = 105
RadarPosX = 1373.19653320
RadarPosY = -939.92401123
RadarPosZ = 34.18750000
RadarPosR = 81.57328796
