RadarID = 18
RadarVelocidade = 115
RadarPosX = 2471.42407226
RadarPosY = -2162.95336914
RadarPosZ = 13.69474887
RadarPosR = 93.61171722
