RadarID = 48
RadarVelocidade = 100
RadarPosX = 898.30529785
RadarPosY = -1400.55346679
RadarPosZ = 13.10051155
RadarPosR = 268.49273681
