RadarID = 47
RadarVelocidade = 100
RadarPosX = 632.34124755
RadarPosY = -1538.60144042
RadarPosZ = 15.11212253
RadarPosR = 0.28599026
