RadarID = 5
RadarVelocidade = 115
RadarPosX = 1855.85156250
RadarPosY = -2161.27807617
RadarPosZ = 13.54687500
RadarPosR = 89.87077331
