RadarID = 3
RadarVelocidade = 80
RadarPosX = 1912.10046386
RadarPosY = -1746.90283203
RadarPosZ = 13.54687500
RadarPosR = 270.59277343
