RadarID = 4
RadarVelocidade = 120
RadarPosX = 1966.97314453
RadarPosY = -1906.74829101
RadarPosZ = 13.54687500
RadarPosR = 178.73823547
