RadarID = 1
RadarVelocidade = 110
RadarPosX = 1304.99145507
RadarPosY = -1772.59179687
RadarPosZ = 13.54687500
RadarPosR = 1.32706940
