RadarID = 28
RadarVelocidade = 120
RadarPosX = -84.65312194
RadarPosY = -418.50738525
RadarPosZ = 1.24353981
RadarPosR = 61.27570343
