RadarID = 25
RadarVelocidade = 105
RadarPosX = 785.27581787
RadarPosY = -1048.85827636
RadarPosZ = 24.58799362
RadarPosR = 102.10877990
