RadarID = 37
RadarVelocidade = 126
RadarPosX = -171.39657592
RadarPosY = 572.82452392
RadarPosZ = 15.90712833
RadarPosR = 278.61929321
