RadarID = 27
RadarVelocidade = 60
RadarPosX = -111.69476318
RadarPosY = -991.03973388
RadarPosZ = 24.78054618
RadarPosR = 41.44899368
