RadarID = 16
RadarVelocidade = 115
RadarPosX = 2839.16772460
RadarPosY = -814.28717041
RadarPosZ = 10.95828628
RadarPosR = 180.74598693
