RadarID = 19
RadarVelocidade = 105
RadarPosX = 2118.01757812
RadarPosY = -1573.98864746
RadarPosZ = 26.05677223
RadarPosR = 0.46855470
