RadarID = 42
RadarVelocidade = 140
RadarPosX = 2638.79077148
RadarPosY = 928.55444335
RadarPosZ = 6.70312500
RadarPosR = 317.67877197
