RadarID = 11
RadarVelocidade = 150
RadarPosX = 1642.99035644
RadarPosY = -1902.53076171
RadarPosZ = 25.04005622
RadarPosR = 194.56842041
