RadarID = 36
RadarVelocidade = 126
RadarPosX = -754.38165283
RadarPosY = 706.87005615
RadarPosZ = 18.19453239
RadarPosR = 245.39570617
