RadarID = 46
RadarVelocidade = 115
RadarPosX = 850.30358886
RadarPosY = -1776.70117187
RadarPosZ = 13.69774723
RadarPosR = 267.89447021
