RadarID = 53
RadarVelocidade = 110
RadarPosX = -2085.90185546
RadarPosY = -1138.19982910
RadarPosZ = 30.73585891
RadarPosR = 28.89206695
