RadarID = 58
RadarVelocidade = 110
RadarPosX = -2228.36645507
RadarPosY = -341.62612915
RadarPosZ = 38.59956359
RadarPosR = 270.90072631
