RadarID = 34
RadarVelocidade = 126
RadarPosX = -1653.50244140
RadarPosY = 399.56417846
RadarPosZ = 7.03125000
RadarPosR = 314.43923950
