RadarID = 38
RadarVelocidade = 130
RadarPosX = 142.14422607
RadarPosY = 704.30657958
RadarPosZ = 6.20381402
RadarPosR = 299.79498291
