RadarID = 26
RadarVelocidade = 105
RadarPosX = 460.83596801
RadarPosY = -1311.27319335
RadarPosZ = 15.18292427
RadarPosR = 126.50310516
