RadarID = 57
RadarVelocidade = 110
RadarPosX = -2551.85644531
RadarPosY = -338.08917236
RadarPosZ = 25.73348236
RadarPosR = 275.53521728
