RadarID = 41
RadarVelocidade = 70
RadarPosX = 2057.48022460
RadarPosY = 1110.64550781
RadarPosZ = 10.93631553
RadarPosR = 358.23110961
