RadarID = 52
RadarVelocidade = 100
RadarPosX = 2328.02905273
RadarPosY = -1737.71154785
RadarPosZ = 13.54687500
RadarPosR = 270.70391845
