RadarID = 43
RadarVelocidade = 60
RadarPosX = 1797.13928222
RadarPosY = 842.88116455
RadarPosZ = 10.63281250
RadarPosR = 4.68525171
