RadarID = 40
RadarVelocidade = 130
RadarPosX = 1614.58288574
RadarPosY = 843.65020751
RadarPosZ = 6.70312500
RadarPosR = 269.91088867
