RadarID = 23
RadarVelocidade = 125
RadarPosX = 1619.16821289
RadarPosY = 30.12619590
RadarPosZ = 36.91650390
RadarPosR = 20.30639076
