RadarID = 9
RadarVelocidade = 165
RadarPosX = 1601.99328613
RadarPosY = -1652.97863769
RadarPosZ = 28.69113922
RadarPosR = 358.08154296
