RadarID = 14
RadarVelocidade = 165
RadarPosX = 2703.92431640
RadarPosY = -295.46435546
RadarPosZ = 28.62791824
RadarPosR = 176.96107482
