RadarID = 30
RadarVelocidade = 120
RadarPosX = -969.74108886
RadarPosY = -321.23794555
RadarPosZ = 36.73754882
RadarPosR = 170.59460449
