RadarID = 33
RadarVelocidade = 126
RadarPosX = -1799.19140625
RadarPosY = -115.90937805
RadarPosZ = 5.50000000
RadarPosR = 179.83686828
