RadarID = 35
RadarVelocidade = 126
RadarPosX = -1657.71740722
RadarPosY = 1255.55639648
RadarPosZ = 7.18750000
RadarPosR = 43.19674301
