RadarID = 17
RadarVelocidade = 115
RadarPosX = 2888.35009765
RadarPosY = -1592.30187988
RadarPosZ = 11.04687500
RadarPosR = 160.40586853
