RadarID = 6
RadarVelocidade = 165
RadarPosX = 2167.74169921
RadarPosY = -2467.97485351
RadarPosZ = 13.54687500
RadarPosR = 180.68899536
