RadarID = 21
RadarVelocidade = 105
RadarPosX = 2665.50976562
RadarPosY = -1615.98327636
RadarPosZ = 17.51257133
RadarPosR = 90.24473571
