RadarID = 10
RadarVelocidade = 115
RadarPosX = 1711.48632812
RadarPosY = -610.43212890
RadarPosZ = 39.21783828
RadarPosR = 0.00000000
