RadarID = 13
RadarVelocidade = 155
RadarPosX = 2515.60693359
RadarPosY = 302.83764648
RadarPosZ = 29.38527488
RadarPosR = 80.41419982
