SmID = 1
Jackpot = 9000
PozX = 1686.78002929
PozY = -2290.81591796
PozZ = 13.51463031
PozXX = 1687.58483886
PozYY = -2290.79516601
PozZZ = 14.16490554
RotXX = 0.00000000
RotYY = 0.00000000
RotZZ = -90.29998779
