Pos_x = 0.00000000
Pos_y = 0.00000000
Pos_z = 0.00000000
Interior = 0
VW = 0
EstaMorto = 0
pSegMorto = 0
pMinMorto = 0
