CasaDono = Nenhum
Casa Texto = Nenhum
CasaId = 1
CasaAVenda = 1
CasaPickup = 1273
CasaMapIcon = 31
CasaValor = 2500000
CasaInterior = 5
CasaX = 1442.52148437
CasaY = -628.83062744
CasaZ = 95.71856689
CasaInteriorX = 140.36790466
CasaInteriorY = 1367.88366699
CasaInteriorZ = 1083.86206054
