CasaDono = Nenhum
Casa Texto = Nenhum
CasaId = 10
CasaAVenda = 1
CasaPickup = 1273
CasaMapIcon = 31
CasaValor = 2500000
CasaInterior = 5
CasaX = 897.97583007
CasaY = -677.03570556
CasaZ = 116.89044189
CasaInteriorX = 140.36790466
CasaInteriorY = 1367.88366699
CasaInteriorZ = 1083.86206054
