CasaDono = Nenhum
Casa Texto = Nenhum
CasaId = 101
CasaAVenda = 1
CasaPickup = 1273
CasaMapIcon = 31
CasaValor = 200000
CasaInterior = 2
CasaX = -2619.73974609
CasaY = 845.13824462
CasaZ = 50.59700012
CasaInteriorX = 225.57069396
CasaInteriorY = 1240.06433105
CasaInteriorZ = 1082.14062500
