CasaDono = Nenhum
Casa Texto = Nenhum
CasaId = 104
CasaAVenda = 1
CasaPickup = 1273
CasaMapIcon = 31
CasaValor = 200000
CasaInterior = 2
CasaX = -2591.02050781
CasaY = 819.79974365
CasaZ = 49.99102783
CasaInteriorX = 225.57069396
CasaInteriorY = 1240.06433105
CasaInteriorZ = 1082.14062500
