CasaDono = Nenhum
Casa Texto = Nenhum
CasaId = 105
CasaAVenda = 1
CasaPickup = 1273
CasaMapIcon = 31
CasaValor = 200000
CasaInterior = 2
CasaX = -2621.67919921
CasaY = 790.42059326
CasaZ = 48.58336639
CasaInteriorX = 225.57069396
CasaInteriorY = 1240.06433105
CasaInteriorZ = 1082.14062500
