CasaDono = Nenhum
Casa Texto = Nenhum
CasaId = 106
CasaAVenda = 1
CasaPickup = 1273
CasaMapIcon = 31
CasaValor = 200000
CasaInterior = 2
CasaX = -2594.33959960
CasaY = 785.35363769
CasaZ = 46.24131393
CasaInteriorX = 225.57069396
CasaInteriorY = 1240.06433105
CasaInteriorZ = 1082.14062500
