CasaDono = Nenhum
Casa Texto = Nenhum
CasaId = 109
CasaAVenda = 1
CasaPickup = 1273
CasaMapIcon = 31
CasaValor = 200000
CasaInterior = 2
CasaX = -2724.52270507
CasaY = -191.21176147
CasaZ = 4.33593750
CasaInteriorX = 225.57069396
CasaInteriorY = 1240.06433105
CasaInteriorZ = 1082.14062500
