CasaDono = Nenhum
Casa Texto = Nenhum
CasaId = 11
CasaAVenda = 1
CasaPickup = 1273
CasaMapIcon = 31
CasaValor = 2000000
CasaInterior = 3
CasaX = 946.23522949
CasaY = -710.73931884
CasaZ = 122.61987304
CasaInteriorX = 2496.05493164
CasaInteriorY = -1695.17492675
CasaInteriorZ = 1014.74218750
