CasaDono = Nenhum
Casa Texto = Nenhum
CasaId = 110
CasaAVenda = 1
CasaPickup = 1273
CasaMapIcon = 31
CasaValor = 200000
CasaInterior = 2
CasaX = -2723.19506835
CasaY = -166.75762939
CasaZ = 5.00000000
CasaInteriorX = 225.57069396
CasaInteriorY = 1240.06433105
CasaInteriorZ = 1082.14062500
