CasaDono = Nenhum
Casa Texto = Nenhum
CasaId = 114
CasaAVenda = 1
CasaPickup = 1273
CasaMapIcon = 31
CasaValor = 200000
CasaInterior = 2
CasaX = -2724.51489257
CasaY = -105.53596496
CasaZ = 4.34257888
CasaInteriorX = 225.57069396
CasaInteriorY = 1240.06433105
CasaInteriorZ = 1082.14062500
