CasaDono = Nenhum
Casa Texto = Nenhum
CasaId = 115
CasaAVenda = 1
CasaPickup = 1273
CasaMapIcon = 31
CasaValor = 200000
CasaInterior = 2
CasaX = -2684.40722656
CasaY = -96.20246124
CasaZ = 7.20312500
CasaInteriorX = 225.57069396
CasaInteriorY = 1240.06433105
CasaInteriorZ = 1082.14062500
