CasaDono = Nenhum
Casa Texto = Nenhum
CasaId = 116
CasaAVenda = 1
CasaPickup = 1273
CasaMapIcon = 31
CasaValor = 200000
CasaInterior = 2
CasaX = -2689.35815429
CasaY = -101.77670288
CasaZ = 7.20312500
CasaInteriorX = 225.57069396
CasaInteriorY = 1240.06433105
CasaInteriorZ = 1082.14062500
