CasaDono = Nenhum
Casa Texto = Nenhum
CasaId = 119
CasaAVenda = 1
CasaPickup = 1273
CasaMapIcon = 31
CasaValor = 200000
CasaInterior = 2
CasaX = -2710.75244140
CasaY = 967.47009277
CasaZ = 54.46093750
CasaInteriorX = 225.57069396
CasaInteriorY = 1240.06433105
CasaInteriorZ = 1082.14062500
