CasaDono = Nenhum
Casa Texto = Nenhum
CasaId = 12
CasaAVenda = 1
CasaPickup = 1273
CasaMapIcon = 31
CasaValor = 2500000
CasaInterior = 6
CasaX = 867.20025634
CasaY = -717.44024658
CasaZ = 105.67968750
CasaInteriorX = 234.28259277
CasaInteriorY = 1065.22900390
CasaInteriorZ = 1084.21008300
