CasaDono = Nenhum
Casa Texto = Nenhum
CasaId = 121
CasaAVenda = 1
CasaPickup = 1273
CasaMapIcon = 31
CasaValor = 200000
CasaInterior = 2
CasaX = -2596.64819335
CasaY = 985.80792236
CasaZ = 78.27343750
CasaInteriorX = 225.57069396
CasaInteriorY = 1240.06433105
CasaInteriorZ = 1082.14062500
