CasaDono = Nenhum
Casa Texto = Nenhum
CasaId = 122
CasaAVenda = 1
CasaPickup = 1273
CasaMapIcon = 31
CasaValor = 200000
CasaInterior = 2
CasaX = -2597.32543945
CasaY = 979.89678955
CasaZ = 78.27343750
CasaInteriorX = 225.57069396
CasaInteriorY = 1240.06433105
CasaInteriorZ = 1082.14062500
