CasaDono = Nenhum
Casa Texto = Nenhum
CasaId = 123
CasaAVenda = 1
CasaPickup = 1273
CasaMapIcon = 31
CasaValor = 200000
CasaInterior = 2
CasaX = -2597.32836914
CasaY = 968.88824462
CasaZ = 78.28427124
CasaInteriorX = 225.57069396
CasaInteriorY = 1240.06433105
CasaInteriorZ = 1082.14062500
