CasaDono = Nenhum
Casa Texto = Nenhum
CasaId = 124
CasaAVenda = 1
CasaPickup = 1273
CasaMapIcon = 31
CasaValor = 200000
CasaInterior = 2
CasaX = -2591.82348632
CasaY = 944.14392089
CasaZ = 70.42968750
CasaInteriorX = 225.57069396
CasaInteriorY = 1240.06433105
CasaInteriorZ = 1082.14062500
