CasaDono = Nenhum
Casa Texto = Nenhum
CasaId = 126
CasaAVenda = 1
CasaPickup = 1273
CasaMapIcon = 31
CasaValor = 200000
CasaInterior = 2
CasaX = -2551.43945312
CasaY = 920.38000488
CasaZ = 64.98437500
CasaInteriorX = 225.57069396
CasaInteriorY = 1240.06433105
CasaInteriorZ = 1082.14062500
