CasaDono = Nenhum
Casa Texto = Nenhum
CasaId = 127
CasaAVenda = 1
CasaPickup = 1273
CasaMapIcon = 31
CasaValor = 200000
CasaInterior = 2
CasaX = -2543.57690429
CasaY = 922.35974121
CasaZ = 67.09375000
CasaInteriorX = 225.57069396
CasaInteriorY = 1240.06433105
CasaInteriorZ = 1082.14062500
