CasaDono = Nenhum
Casa Texto = Nenhum
CasaId = 129
CasaAVenda = 1
CasaPickup = 1273
CasaMapIcon = 31
CasaValor = 200000
CasaInterior = 2
CasaX = 2066.24145507
CasaY = -1716.58410644
CasaZ = 14.13631629
CasaInteriorX = 225.57069396
CasaInteriorY = 1240.06433105
CasaInteriorZ = 1082.14062500
