CasaDono = Nenhum
Casa Texto = Nenhum
CasaId = 130
CasaAVenda = 1
CasaPickup = 1273
CasaMapIcon = 31
CasaValor = 200000
CasaInterior = 2
CasaX = 2065.26367187
CasaY = -1703.39306640
CasaZ = 14.14843750
CasaInteriorX = 225.57069396
CasaInteriorY = 1240.06433105
CasaInteriorZ = 1082.14062500
