CasaDono = Nenhum
Casa Texto = Nenhum
CasaId = 131
CasaAVenda = 1
CasaPickup = 1273
CasaMapIcon = 31
CasaValor = 200000
CasaInterior = 2
CasaX = 2066.90087890
CasaY = -1656.81640625
CasaZ = 14.12299633
CasaInteriorX = 225.57069396
CasaInteriorY = 1240.06433105
CasaInteriorZ = 1082.14062500
