CasaDono = Nenhum
Casa Texto = Nenhum
CasaId = 132
CasaAVenda = 1
CasaPickup = 1273
CasaMapIcon = 31
CasaValor = 200000
CasaInterior = 2
CasaX = 2067.67138671
CasaY = -1643.28100585
CasaZ = 14.13631629
CasaInteriorX = 225.57069396
CasaInteriorY = 1240.06433105
CasaInteriorZ = 1082.14062500
