CasaDono = Nenhum
Casa Texto = Nenhum
CasaId = 133
CasaAVenda = 1
CasaPickup = 1273
CasaMapIcon = 31
CasaValor = 200000
CasaInterior = 2
CasaX = 2068.02563476
CasaY = -1628.46325683
CasaZ = 13.87615776
CasaInteriorX = 225.57069396
CasaInteriorY = 1240.06433105
CasaInteriorZ = 1082.14062500
