CasaDono = Nenhum
Casa Texto = Nenhum
CasaId = 134
CasaAVenda = 1
CasaPickup = 1273
CasaMapIcon = 31
CasaValor = 200000
CasaInterior = 2
CasaX = 2256.72485351
CasaY = -1644.24182128
CasaZ = 15.52252006
CasaInteriorX = 225.57069396
CasaInteriorY = 1240.06433105
CasaInteriorZ = 1082.14062500
