CasaDono = Nenhum
Casa Texto = Nenhum
CasaId = 135
CasaAVenda = 1
CasaPickup = 1273
CasaMapIcon = 31
CasaValor = 200000
CasaInterior = 2
CasaX = 2282.10815429
CasaY = -1641.22729492
CasaZ = 15.88978862
CasaInteriorX = 225.57069396
CasaInteriorY = 1240.06433105
CasaInteriorZ = 1082.14062500
