CasaDono = Nenhum
Casa Texto = Nenhum
CasaId = 136
CasaAVenda = 1
CasaPickup = 1273
CasaMapIcon = 31
CasaValor = 200000
CasaInterior = 2
CasaX = 2782.07031250
CasaY = -1357.47753906
CasaZ = 26.53785324
CasaInteriorX = 225.57069396
CasaInteriorY = 1240.06433105
CasaInteriorZ = 1082.14062500
