CasaDono = Nenhum
Casa Texto = Nenhum
CasaId = 137
CasaAVenda = 1
CasaPickup = 1273
CasaMapIcon = 31
CasaValor = 300000
CasaInterior = 2
CasaX = 2781.93774414
CasaY = -1333.14111328
CasaZ = 32.39926147
CasaInteriorX = 225.57069396
CasaInteriorY = 1240.06433105
CasaInteriorZ = 1082.14062500
