CasaDono = Nenhum
Casa Texto = Nenhum
CasaId = 139
CasaAVenda = 1
CasaPickup = 1273
CasaMapIcon = 31
CasaValor = 300000
CasaInterior = 5
CasaX = 2809.53271484
CasaY = -1302.39050292
CasaZ = 38.95766830
CasaInteriorX = 227.75590515
CasaInteriorY = 1114.38439941
CasaInteriorZ = 1080.99218750
