CasaDono = Nenhum
Casa Texto = Nenhum
CasaId = 142
CasaAVenda = 1
CasaPickup = 1273
CasaMapIcon = 31
CasaValor = 300000
CasaInterior = 5
CasaX = 2809.53222656
CasaY = -1280.98449707
CasaZ = 43.90358734
CasaInteriorX = 227.75590515
CasaInteriorY = 1114.38439941
CasaInteriorZ = 1080.99218750
