CasaDono = Nenhum
Casa Texto = Nenhum
CasaId = 143
CasaAVenda = 1
CasaPickup = 1273
CasaMapIcon = 31
CasaValor = 300000
CasaInterior = 5
CasaX = 2775.69067382
CasaY = -1245.48730468
CasaZ = 49.50240325
CasaInteriorX = 227.75590515
CasaInteriorY = 1114.38439941
CasaInteriorZ = 1080.99218750
