CasaDono = Nenhum
Casa Texto = Nenhum
CasaId = 144
CasaAVenda = 1
CasaPickup = 1273
CasaMapIcon = 31
CasaValor = 300000
CasaInterior = 5
CasaX = 2750.38964843
CasaY = -1238.48083496
CasaZ = 61.52453994
CasaInteriorX = 227.75590515
CasaInteriorY = 1114.38439941
CasaInteriorZ = 1080.99218750
