CasaDono = Nenhum
Casa Texto = Nenhum
CasaId = 145
CasaAVenda = 1
CasaPickup = 1273
CasaMapIcon = 31
CasaValor = 300000
CasaInterior = 5
CasaX = 2750.39086914
CasaY = -1222.45166015
CasaZ = 64.60156250
CasaInteriorX = 227.75590515
CasaInteriorY = 1114.38439941
CasaInteriorZ = 1080.99218750
