CasaDono = Nenhum
Casa Texto = Nenhum
CasaId = 149
CasaAVenda = 1
CasaPickup = 1273
CasaMapIcon = 31
CasaValor = 150000
CasaInterior = 2
CasaX = 2627.64404296
CasaY = -1085.40051269
CasaZ = 69.71558380
CasaInteriorX = 225.57069396
CasaInteriorY = 1240.06433105
CasaInteriorZ = 1082.14062500
