CasaDono = Nenhum
Casa Texto = Nenhum
CasaId = 15
CasaAVenda = 1
CasaPickup = 1273
CasaMapIcon = 31
CasaValor = 150000
CasaInterior = 2
CasaX = 2524.18115234
CasaY = -1658.59716796
CasaZ = 15.49354743
CasaInteriorX = 225.57069396
CasaInteriorY = 1240.06433105
CasaInteriorZ = 1082.14062500
