CasaDono = Nenhum
Casa Texto = Nenhum
CasaId = 150
CasaAVenda = 1
CasaPickup = 1273
CasaMapIcon = 31
CasaValor = 150000
CasaInterior = 2
CasaX = 2625.94116210
CasaY = -1112.79602050
CasaZ = 67.99530792
CasaInteriorX = 225.57069396
CasaInteriorY = 1240.06433105
CasaInteriorZ = 1082.14062500
