CasaDono = Nenhum
Casa Texto = Nenhum
CasaId = 151
CasaAVenda = 1
CasaPickup = 1273
CasaMapIcon = 31
CasaValor = 150000
CasaInterior = 2
CasaX = 1980.99328613
CasaY = -1682.77758789
CasaZ = 17.05365753
CasaInteriorX = 225.57069396
CasaInteriorY = 1240.06433105
CasaInteriorZ = 1082.14062500
