CasaDono = Nenhum
Casa Texto = Nenhum
CasaId = 152
CasaAVenda = 1
CasaPickup = 1273
CasaMapIcon = 31
CasaValor = 150000
CasaInterior = 2
CasaX = 1969.28149414
CasaY = -1705.21484375
CasaZ = 15.96875000
CasaInteriorX = 225.57069396
CasaInteriorY = 1240.06433105
CasaInteriorZ = 1082.14062500
