CasaDono = Nenhum
Casa Texto = Nenhum
CasaId = 153
CasaAVenda = 1
CasaPickup = 1273
CasaMapIcon = 31
CasaValor = 150000
CasaInterior = 2
CasaX = 1980.37597656
CasaY = -1718.95007324
CasaZ = 17.03033638
CasaInteriorX = 225.57069396
CasaInteriorY = 1240.06433105
CasaInteriorZ = 1082.14062500
