CasaDono = Nenhum
Casa Texto = Nenhum
CasaId = 154
CasaAVenda = 1
CasaPickup = 1273
CasaMapIcon = 31
CasaValor = 150000
CasaInterior = 2
CasaX = 2250.34643554
CasaY = -1280.04846191
CasaZ = 25.47656250
CasaInteriorX = 225.57069396
CasaInteriorY = 1240.06433105
CasaInteriorZ = 1082.14062500
