CasaDono = Nenhum
Casa Texto = Nenhum
CasaId = 157
CasaAVenda = 1
CasaPickup = 1273
CasaMapIcon = 31
CasaValor = 150000
CasaInterior = 2
CasaX = 2191.21313476
CasaY = -1275.77221679
CasaZ = 25.15625000
CasaInteriorX = 225.57069396
CasaInteriorY = 1240.06433105
CasaInteriorZ = 1082.14062500
