CasaDono = Nenhum
Casa Texto = Nenhum
CasaId = 158
CasaAVenda = 1
CasaPickup = 1273
CasaMapIcon = 31
CasaValor = 150000
CasaInterior = 2
CasaX = 2126.77905273
CasaY = -1320.86755371
CasaZ = 26.62419128
CasaInteriorX = 225.57069396
CasaInteriorY = 1240.06433105
CasaInteriorZ = 1082.14062500
