CasaDono = Nenhum
Casa Texto = Nenhum
CasaId = 159
CasaAVenda = 0
CasaPickup = 1272
CasaMapIcon = 32
CasaValor = 200000
CasaInterior = 2
CasaX = 791.82977294
CasaY = -1753.52722167
CasaZ = 13.45289611
CasaInteriorX = 225.57069396
CasaInteriorY = 1240.06433105
CasaInteriorZ = 1082.14062500
CasaTexto = Nenhum
