CasaDono = Nenhum
Casa Texto = Nenhum
CasaId = 16
CasaAVenda = 1
CasaPickup = 1273
CasaMapIcon = 31
CasaValor = 150000
CasaInterior = 2
CasaX = 2523.27221679
CasaY = -1679.18261718
CasaZ = 15.49699974
CasaInteriorX = 225.57069396
CasaInteriorY = 1240.06433105
CasaInteriorZ = 1082.14062500
