CasaDono = Nenhum
Casa Texto = Nenhum
CasaId = 160
CasaAVenda = 1
CasaPickup = 1273
CasaMapIcon = 31
CasaValor = 200000
CasaInterior = 2
CasaX = 769.22741699
CasaY = -1746.11157226
CasaZ = 13.07729530
CasaInteriorX = 225.57069396
CasaInteriorY = 1240.06433105
CasaInteriorZ = 1082.14062500
