CasaDono = Nenhum
Casa Texto = Nenhum
CasaId = 161
CasaAVenda = 1
CasaPickup = 1273
CasaMapIcon = 31
CasaValor = 200000
CasaInterior = 2
CasaX = 769.62921142
CasaY = -1726.35180664
CasaZ = 13.43206024
CasaInteriorX = 225.57069396
CasaInteriorY = 1240.06433105
CasaInteriorZ = 1082.14062500
