CasaDono = Nenhum
Casa Texto = Nenhum
CasaId = 165
CasaAVenda = 1
CasaPickup = 1273
CasaMapIcon = 31
CasaValor = 2500000
CasaInterior = 6
CasaX = 219.09156799
CasaY = -1249.90417480
CasaZ = 78.33718109
CasaInteriorX = 234.28259277
CasaInteriorY = 1065.22900390
CasaInteriorZ = 1084.21008300
