CasaDono = Nenhum
Casa Texto = Nenhum
CasaId = 166
CasaAVenda = 0
CasaPickup = 1272
CasaMapIcon = 32
CasaValor = 2500000
CasaInterior = 5
CasaX = 251.31217956
CasaY = -1220.48156738
CasaZ = 76.10237121
CasaInteriorX = 140.36790466
CasaInteriorY = 1367.88366699
CasaInteriorZ = 1083.86206054
CasaTexto = Nenhum
