CasaDono = Nenhum
Casa Texto = Nenhum
CasaId = 168
CasaAVenda = 1
CasaPickup = 1273
CasaMapIcon = 31
CasaValor = 2500000
CasaInterior = 5
CasaX = 351.88903808
CasaY = -1197.82214355
CasaZ = 76.51562500
CasaInteriorX = 140.36790466
CasaInteriorY = 1367.88366699
CasaInteriorZ = 1083.86206054
