CasaDono = Nenhum
Casa Texto = Nenhum
CasaId = 169
CasaAVenda = 1
CasaPickup = 1273
CasaMapIcon = 31
CasaValor = 2500000
CasaInterior = 5
CasaX = 416.61724853
CasaY = -1154.02661132
CasaZ = 76.68761444
CasaInteriorX = 140.36790466
CasaInteriorY = 1367.88366699
CasaInteriorZ = 1083.86206054
