CasaDono = Nenhum
Casa Texto = Nenhum
CasaId = 17
CasaAVenda = 1
CasaPickup = 1273
CasaMapIcon = 31
CasaValor = 150000
CasaInterior = 1
CasaX = 2514.19360351
CasaY = -1691.76708984
CasaZ = 14.04603862
CasaInteriorX = 224.28799438
CasaInteriorY = 1289.19067382
CasaInteriorZ = 1082.14062500
