CasaDono = Nenhum
Casa Texto = Nenhum
CasaId = 170
CasaAVenda = 1
CasaPickup = 1273
CasaMapIcon = 31
CasaValor = 2500000
CasaInterior = 5
CasaX = 470.75595092
CasaY = -1163.56054687
CasaZ = 67.21786499
CasaInteriorX = 140.36790466
CasaInteriorY = 1367.88366699
CasaInteriorZ = 1083.86206054
