CasaDono = Nenhum
Casa Texto = Nenhum
CasaId = 171
CasaAVenda = 1
CasaPickup = 1273
CasaMapIcon = 31
CasaValor = 2500000
CasaInterior = 5
CasaX = 558.71929931
CasaY = -1161.11608886
CasaZ = 54.42968750
CasaInteriorX = 140.36790466
CasaInteriorY = 1367.88366699
CasaInteriorZ = 1083.86206054
