CasaDono = Nenhum
Casa Texto = Nenhum
CasaId = 177
CasaAVenda = 1
CasaPickup = 1273
CasaMapIcon = 31
CasaValor = 100000
CasaInterior = 6
CasaX = 2123.39355468
CasaY = 775.93377685
CasaZ = 11.44531250
CasaInteriorX = -68.51450347
CasaInteriorY = 1353.84851074
CasaInteriorZ = 1080.21093750
