CasaDono = Nenhum
Casa Texto = Nenhum
CasaId = 178
CasaAVenda = 1
CasaPickup = 1273
CasaMapIcon = 31
CasaValor = 100000
CasaInterior = 6
CasaX = 2122.59375000
CasaY = 731.44049072
CasaZ = 11.46093750
CasaInteriorX = -68.51450347
CasaInteriorY = 1353.84851074
CasaInteriorZ = 1080.21093750
