CasaDono = Nenhum
Casa Texto = Nenhum
CasaId = 184
CasaAVenda = 1
CasaPickup = 1273
CasaMapIcon = 31
CasaValor = 100000
CasaInterior = 6
CasaX = 1680.47802734
CasaY = 2069.07812500
CasaZ = 11.35937500
CasaInteriorX = -68.51450347
CasaInteriorY = 1353.84851074
CasaInteriorZ = 1080.21093750
