CasaDono = Nenhum
Casa Texto = Nenhum
CasaId = 185
CasaAVenda = 1
CasaPickup = 1273
CasaMapIcon = 31
CasaValor = 100000
CasaInterior = 6
CasaX = 1684.66638183
CasaY = 2046.04064941
CasaZ = 11.46875000
CasaInteriorX = -68.51450347
CasaInteriorY = 1353.84851074
CasaInteriorZ = 1080.21093750
