CasaDono = Nenhum
Casa Texto = Nenhum
CasaId = 187
CasaAVenda = 1
CasaPickup = 1273
CasaMapIcon = 31
CasaValor = 200000
CasaInterior = 5
CasaX = 1632.90246582
CasaY = 2843.60498046
CasaZ = 10.82031250
CasaInteriorX = 227.75590515
CasaInteriorY = 1114.38439941
CasaInteriorZ = 1080.99218750
