CasaDono = Nenhum
Casa Texto = Nenhum
CasaId = 189
CasaAVenda = 1
CasaPickup = 1273
CasaMapIcon = 31
CasaValor = 400000
CasaInterior = 5
CasaX = 1599.19140625
CasaY = 2757.51440429
CasaZ = 10.82654380
CasaInteriorX = 227.75590515
CasaInteriorY = 1114.38439941
CasaInteriorZ = 1080.99218750
