CasaDono = Nenhum
Casa Texto = Nenhum
CasaId = 19
CasaAVenda = 1
CasaPickup = 1273
CasaMapIcon = 31
CasaValor = 200000
CasaInterior = 2
CasaX = 2327.07275390
CasaY = -1681.95007324
CasaZ = 14.92968750
CasaInteriorX = 225.57069396
CasaInteriorY = 1240.06433105
CasaInteriorZ = 1082.14062500
