CasaDono = Nenhum
Casa Texto = Nenhum
CasaId = 193
CasaAVenda = 1
CasaPickup = 1273
CasaMapIcon = 31
CasaValor = 400000
CasaInterior = 5
CasaX = -2117.07666015
CasaY = 927.67028808
CasaZ = 86.07906341
CasaInteriorX = 227.75590515
CasaInteriorY = 1114.38439941
CasaInteriorZ = 1080.99218750
