CasaDono = Nenhum
Casa Texto = Nenhum
CasaId = 194
CasaAVenda = 1
CasaPickup = 1273
CasaMapIcon = 31
CasaValor = 400000
CasaInterior = 5
CasaX = -2159.93286132
CasaY = 947.48724365
CasaZ = 80.00000000
CasaInteriorX = 227.75590515
CasaInteriorY = 1114.38439941
CasaInteriorZ = 1080.99218750
