CasaDono = Nenhum
Casa Texto = Nenhum
CasaId = 197
CasaAVenda = 1
CasaPickup = 1273
CasaMapIcon = 31
CasaValor = 400000
CasaInterior = 5
CasaX = -2160.06762695
CasaY = 1003.05450439
CasaZ = 80.00000000
CasaInteriorX = 227.75590515
CasaInteriorY = 1114.38439941
CasaInteriorZ = 1080.99218750
