CasaDono = Nenhum
Casa Texto = Nenhum
CasaId = 2
CasaAVenda = 1
CasaPickup = 1273
CasaMapIcon = 31
CasaValor = 2500000
CasaInterior = 5
CasaX = 1496.93395996
CasaY = -687.89306640
CasaZ = 95.56330871
CasaInteriorX = 140.36790466
CasaInteriorY = 1367.88366699
CasaInteriorZ = 1083.86206054
