CasaDono = Nenhum
Casa Texto = Nenhum
CasaId = 20
CasaAVenda = 1
CasaPickup = 1273
CasaMapIcon = 31
CasaValor = 500000
CasaInterior = 5
CasaX = 1972.71618652
CasaY = -1560.09460449
CasaZ = 13.63930892
CasaInteriorX = 227.75590515
CasaInteriorY = 1114.38439941
CasaInteriorZ = 1080.99218750
