CasaDono = Nenhum
Casa Texto = Nenhum
CasaId = 202
CasaAVenda = 1
CasaPickup = 1273
CasaMapIcon = 31
CasaValor = 400000
CasaInterior = 5
CasaX = -2187.60498046
CasaY = 1107.84777832
CasaZ = 80.00781250
CasaInteriorX = 227.75590515
CasaInteriorY = 1114.38439941
CasaInteriorZ = 1080.99218750
