CasaDono = Nenhum
Casa Texto = Nenhum
CasaId = 205
CasaAVenda = 1
CasaPickup = 1273
CasaMapIcon = 31
CasaValor = 400000
CasaInterior = 5
CasaX = -2191.42651367
CasaY = 1079.98950195
CasaZ = 80.00781250
CasaInteriorX = 227.75590515
CasaInteriorY = 1114.38439941
CasaInteriorZ = 1080.99218750
