CasaDono = Nenhum
Casa Texto = Nenhum
CasaId = 207
CasaAVenda = 1
CasaPickup = 1273
CasaMapIcon = 31
CasaValor = 400000
CasaInterior = 5
CasaX = -2227.82861328
CasaY = 1080.08776855
CasaZ = 80.00781250
CasaInteriorX = 227.75590515
CasaInteriorY = 1114.38439941
CasaInteriorZ = 1080.99218750
