CasaDono = Nenhum
Casa Texto = Nenhum
CasaId = 209
CasaAVenda = 1
CasaPickup = 1273
CasaMapIcon = 31
CasaValor = 400000
CasaInterior = 5
CasaX = -2282.24902343
CasaY = 1070.48339843
CasaZ = 81.68843841
CasaInteriorX = 227.75590515
CasaInteriorY = 1114.38439941
CasaInteriorZ = 1080.99218750
