CasaDono = Nenhum
Casa Texto = Nenhum
CasaId = 21
CasaAVenda = 1
CasaPickup = 1273
CasaMapIcon = 31
CasaValor = 500000
CasaInterior = 5
CasaX = 1958.60375976
CasaY = -1560.41345214
CasaZ = 13.59418964
CasaInteriorX = 227.75590515
CasaInteriorY = 1114.38439941
CasaInteriorZ = 1080.99218750
