CasaDono = Nenhum
Casa Texto = Nenhum
CasaId = 212
CasaAVenda = 1
CasaPickup = 1273
CasaMapIcon = 31
CasaValor = 400000
CasaInterior = 5
CasaX = -2239.74584960
CasaY = 1037.77978515
CasaZ = 83.84993743
CasaInteriorX = 227.75590515
CasaInteriorY = 1114.38439941
CasaInteriorZ = 1080.99218750
