CasaDono = Nenhum
Casa Texto = Nenhum
CasaId = 213
CasaAVenda = 1
CasaPickup = 1273
CasaMapIcon = 31
CasaValor = 400000
CasaInterior = 5
CasaX = -2282.42114257
CasaY = 1022.80902099
CasaZ = 84.11291503
CasaInteriorX = 227.75590515
CasaInteriorY = 1114.38439941
CasaInteriorZ = 1080.99218750
