CasaDono = Nenhum
Casa Texto = Nenhum
CasaId = 215
CasaAVenda = 1
CasaPickup = 1273
CasaMapIcon = 31
CasaValor = 400000
CasaInterior = 5
CasaX = -2238.78710937
CasaY = 980.71539306
CasaZ = 71.50081634
CasaInteriorX = 227.75590515
CasaInteriorY = 1114.38439941
CasaInteriorZ = 1080.99218750
