CasaDono = Nenhum
Casa Texto = Nenhum
CasaId = 216
CasaAVenda = 1
CasaPickup = 1273
CasaMapIcon = 31
CasaValor = 400000
CasaInterior = 5
CasaX = -2238.78759765
CasaY = 962.12139892
CasaZ = 66.65218353
CasaInteriorX = 227.75590515
CasaInteriorY = 1114.38439941
CasaInteriorZ = 1080.99218750
