CasaDono = Nenhum
Casa Texto = Nenhum
CasaId = 217
CasaAVenda = 1
CasaPickup = 1273
CasaMapIcon = 31
CasaValor = 450000
CasaInterior = 5
CasaX = -2282.52734375
CasaY = 916.54956054
CasaZ = 66.64843750
CasaInteriorX = 227.75590515
CasaInteriorY = 1114.38439941
CasaInteriorZ = 1080.99218750
