CasaDono = Nenhum
Casa Texto = Nenhum
CasaId = 22
CasaAVenda = 1
CasaPickup = 1273
CasaMapIcon = 31
CasaValor = 500000
CasaInterior = 5
CasaX = 1910.02905273
CasaY = -1597.40979003
CasaZ = 14.30624580
CasaInteriorX = 227.75590515
CasaInteriorY = 1114.38439941
CasaInteriorZ = 1080.99218750
