CasaDono = Nenhum
Casa Texto = Nenhum
CasaId = 223
CasaAVenda = 1
CasaPickup = 1273
CasaMapIcon = 31
CasaValor = 400000
CasaInterior = 5
CasaX = -2192.80444335
CasaY = 934.38671875
CasaZ = 74.92974853
CasaInteriorX = 227.75590515
CasaInteriorY = 1114.38439941
CasaInteriorZ = 1080.99218750
