CasaDono = Nenhum
Casa Texto = Nenhum
CasaId = 224
CasaAVenda = 1
CasaPickup = 1273
CasaMapIcon = 31
CasaValor = 400000
CasaInterior = 5
CasaX = -2211.01904296
CasaY = 934.38641357
CasaZ = 68.94290924
CasaInteriorX = 227.75590515
CasaInteriorY = 1114.38439941
CasaInteriorZ = 1080.99218750
