CasaDono = Nenhum
Casa Texto = Nenhum
CasaId = 225
CasaAVenda = 1
CasaPickup = 1273
CasaMapIcon = 31
CasaValor = 400000
CasaInterior = 5
CasaX = -2229.54833984
CasaY = 934.38684082
CasaZ = 66.64843750
CasaInteriorX = 227.75590515
CasaInteriorY = 1114.38439941
CasaInteriorZ = 1080.99218750
