CasaDono = Nenhum
Casa Texto = Nenhum
CasaId = 231
CasaAVenda = 1
CasaPickup = 1273
CasaMapIcon = 31
CasaValor = 300000
CasaInterior = 8
CasaX = -2625.72436523
CasaY = 78.22593688
CasaZ = 7.20312500
CasaInteriorX = 2365.10888671
CasaInteriorY = -1133.07946777
CasaInteriorZ = 1050.87500000
