CasaDono = Nenhum
Casa Texto = Nenhum
CasaId = 232
CasaAVenda = 1
CasaPickup = 1273
CasaMapIcon = 31
CasaValor = 300000
CasaInterior = 8
CasaX = -2622.15283203
CasaY = 71.39014434
CasaZ = 4.33593750
CasaInteriorX = 2365.10888671
CasaInteriorY = -1133.07946777
CasaInteriorZ = 1050.87500000
