CasaDono = Nenhum
Casa Texto = Nenhum
CasaId = 233
CasaAVenda = 1
CasaPickup = 1273
CasaMapIcon = 31
CasaValor = 300000
CasaInterior = 8
CasaX = -2619.32250976
CasaY = 56.94282913
CasaZ = 4.33593750
CasaInteriorX = 2365.10888671
CasaInteriorY = -1133.07946777
CasaInteriorZ = 1050.87500000
