CasaDono = Nenhum
Casa Texto = Nenhum
CasaId = 234
CasaAVenda = 1
CasaPickup = 1273
CasaMapIcon = 31
CasaValor = 300000
CasaInterior = 8
CasaX = -2690.48242187
CasaY = 64.24545288
CasaZ = 4.77058506
CasaInteriorX = 2365.10888671
CasaInteriorY = -1133.07946777
CasaInteriorZ = 1050.87500000
