CasaDono = Nenhum
Casa Texto = Nenhum
CasaId = 239
CasaAVenda = 1
CasaPickup = 1273
CasaMapIcon = 31
CasaValor = 100000
CasaInterior = 6
CasaX = 2227.55273437
CasaY = 689.93103027
CasaZ = 11.46047973
CasaInteriorX = -68.51450347
CasaInteriorY = 1353.84851074
CasaInteriorZ = 1080.21093750
