CasaDono = Nenhum
Casa Texto = Nenhum
CasaId = 24
CasaAVenda = 1
CasaPickup = 1273
CasaMapIcon = 31
CasaValor = 80000
CasaInterior = 1
CasaX = 1906.88146972
CasaY = -2040.85168457
CasaZ = 13.54687500
CasaInteriorX = 224.28799438
CasaInteriorY = 1289.19067382
CasaInteriorZ = 1082.14062500
