CasaDono = Nenhum
Casa Texto = Nenhum
CasaId = 243
CasaAVenda = 1
CasaPickup = 1273
CasaMapIcon = 31
CasaValor = 400000
CasaInterior = 5
CasaX = -2723.38793945
CasaY = 722.68023681
CasaZ = 41.26595306
CasaInteriorX = 227.75590515
CasaInteriorY = 1114.38439941
CasaInteriorZ = 1080.99218750
