CasaDono = Nenhum
Casa Texto = Nenhum
CasaId = 244
CasaAVenda = 1
CasaPickup = 1273
CasaMapIcon = 31
CasaValor = 400000
CasaInterior = 5
CasaX = -2731.59350585
CasaY = 723.57208251
CasaZ = 41.27343750
CasaInteriorX = 227.75590515
CasaInteriorY = 1114.38439941
CasaInteriorZ = 1080.99218750
