CasaDono = Nenhum
Casa Texto = Nenhum
CasaId = 245
CasaAVenda = 1
CasaPickup = 1273
CasaMapIcon = 31
CasaValor = 400000
CasaInterior = 5
CasaX = -2686.74975585
CasaY = 722.85839843
CasaZ = 32.22548675
CasaInteriorX = 227.75590515
CasaInteriorY = 1114.38439941
CasaInteriorZ = 1080.99218750
