CasaDono = Nenhum
Casa Texto = Nenhum
CasaId = 246
CasaAVenda = 1
CasaPickup = 1273
CasaMapIcon = 31
CasaValor = 400000
CasaInterior = 5
CasaX = -2678.76171875
CasaY = 722.25128173
CasaZ = 28.59632873
CasaInteriorX = 227.75590515
CasaInteriorY = 1114.38439941
CasaInteriorZ = 1080.99218750
