CasaDono = Nenhum
Casa Texto = Nenhum
CasaId = 249
CasaAVenda = 1
CasaPickup = 1273
CasaMapIcon = 31
CasaValor = 400000
CasaInterior = 5
CasaX = -2641.97412109
CasaY = 727.86712646
CasaZ = 27.96093750
CasaInteriorX = 227.75590515
CasaInteriorY = 1114.38439941
CasaInteriorZ = 1080.99218750
