CasaDono = Nenhum
Casa Texto = Nenhum
CasaId = 253
CasaAVenda = 1
CasaPickup = 1273
CasaMapIcon = 31
CasaValor = 30000
CasaInterior = 1
CasaX = 418.91250610
CasaY = 608.44299316
CasaZ = 19.37757301
CasaInteriorX = 224.28799438
CasaInteriorY = 1289.19067382
CasaInteriorZ = 1082.14062500
