CasaDono = Nenhum
Casa Texto = Nenhum
CasaId = 253
CasaAVenda = 1
CasaPickup = 1273
CasaMapIcon = 31
CasaValor = 1000000
CasaInterior = 5
CasaX = -2706.61157226
CasaY = 864.54809570
CasaZ = 70.70312500
CasaInteriorX = 1267.84069824
CasaInteriorY = -776.95867919
CasaInteriorZ = 1091.90625000
