CasaDono = Nenhum
Casa Texto = Nenhum
CasaId = 254
CasaAVenda = 1
CasaPickup = 1273
CasaMapIcon = 31
CasaValor = 500000
CasaInterior = 6
CasaX = -2348.40942382
CasaY = 2423.41015625
CasaZ = 7.32826805
CasaInteriorX = -68.51450347
CasaInteriorY = 1353.84851074
CasaInteriorZ = 1080.21093750
