CasaDono = Nenhum
Casa Texto = Nenhum
CasaId = 254
CasaAVenda = 1
CasaPickup = 1273
CasaMapIcon = 31
CasaValor = 30000
CasaInterior = 1
CasaX = 418.42910766
CasaY = 626.70275878
CasaZ = 18.62757492
CasaInteriorX = 224.28799438
CasaInteriorY = 1289.19067382
CasaInteriorZ = 1082.14062500
