CasaDono = Nenhum
Casa Texto = Nenhum
CasaId = 255
CasaAVenda = 1
CasaPickup = 1273
CasaMapIcon = 31
CasaValor = 30000
CasaInterior = 1
CasaX = 411.61181640
CasaY = 617.80572509
CasaZ = 18.87757301
CasaInteriorX = 224.28799438
CasaInteriorY = 1289.19067382
CasaInteriorZ = 1082.14062500
