CasaDono = Nenhum
Casa Texto = Nenhum
CasaId = 256
CasaAVenda = 1
CasaPickup = 1273
CasaMapIcon = 31
CasaValor = 30000
CasaInterior = 1
CasaX = 404.18954467
CasaY = 627.32720947
CasaZ = 17.72120857
CasaInteriorX = 224.28799438
CasaInteriorY = 1289.19067382
CasaInteriorZ = 1082.14062500
