CasaDono = Nenhum
Casa Texto = Nenhum
CasaId = 257
CasaAVenda = 1
CasaPickup = 1273
CasaMapIcon = 31
CasaValor = 30000
CasaInterior = 1
CasaX = 410.70062255
CasaY = 636.75408935
CasaZ = 18.06829452
CasaInteriorX = 224.28799438
CasaInteriorY = 1289.19067382
CasaInteriorZ = 1082.14062500
