CasaDono = Nenhum
Casa Texto = Nenhum
CasaId = 258
CasaAVenda = 1
CasaPickup = 1273
CasaMapIcon = 31
CasaValor = 30000
CasaInterior = 1
CasaX = 433.46176147
CasaY = 617.40051269
CasaZ = 19.25955581
CasaInteriorX = 224.28799438
CasaInteriorY = 1289.19067382
CasaInteriorZ = 1082.14062500
