CasaDono = Nenhum
Casa Texto = Nenhum
CasaId = 259
CasaAVenda = 1
CasaPickup = 1273
CasaMapIcon = 31
CasaValor = 30000
CasaInterior = 1
CasaX = 389.50708007
CasaY = 635.00744628
CasaZ = 16.41876029
CasaInteriorX = 224.28799438
CasaInteriorY = 1289.19067382
CasaInteriorZ = 1082.14062500
