CasaDono = Nenhum
Casa Texto = Nenhum
CasaId = 260
CasaAVenda = 1
CasaPickup = 1273
CasaMapIcon = 31
CasaValor = 30000
CasaInterior = 1
CasaX = 397.52716064
CasaY = 658.01623535
CasaZ = 15.19740390
CasaInteriorX = 224.28799438
CasaInteriorY = 1289.19067382
CasaInteriorZ = 1082.14062500
