CasaDono = Nenhum
Casa Texto = Nenhum
CasaId = 261
CasaAVenda = 1
CasaPickup = 1273
CasaMapIcon = 31
CasaValor = 30000
CasaInterior = 1
CasaX = 369.95806884
CasaY = 683.98687744
CasaZ = 10.51161003
CasaInteriorX = 224.28799438
CasaInteriorY = 1289.19067382
CasaInteriorZ = 1082.14062500
