CasaDono = Nenhum
Casa Texto = Nenhum
CasaId = 262
CasaAVenda = 1
CasaPickup = 1273
CasaMapIcon = 31
CasaValor = 30000
CasaInterior = 1
CasaX = 362.83276367
CasaY = 693.59387207
CasaZ = 9.37369346
CasaInteriorX = 224.28799438
CasaInteriorY = 1289.19067382
CasaInteriorZ = 1082.14062500
