CasaDono = Nenhum
Casa Texto = Nenhum
CasaId = 263
CasaAVenda = 1
CasaPickup = 1273
CasaMapIcon = 31
CasaValor = 30000
CasaInterior = 1
CasaX = 356.15545654
CasaY = 703.32226562
CasaZ = 8.77073574
CasaInteriorX = 224.28799438
CasaInteriorY = 1289.19067382
CasaInteriorZ = 1082.14062500
