CasaDono = Nenhum
Casa Texto = Nenhum
CasaId = 264
CasaAVenda = 1
CasaPickup = 1273
CasaMapIcon = 31
CasaValor = 30000
CasaInterior = 1
CasaX = 355.70928955
CasaY = 681.37359619
CasaZ = 9.72235107
CasaInteriorX = 224.28799438
CasaInteriorY = 1289.19067382
CasaInteriorZ = 1082.14062500
