CasaDono = Nenhum
Casa Texto = Nenhum
CasaId = 265
CasaAVenda = 1
CasaPickup = 1273
CasaMapIcon = 31
CasaValor = 30000
CasaInterior = 1
CasaX = 359.20761108
CasaY = 669.68597412
CasaZ = 11.36825370
CasaInteriorX = 224.28799438
CasaInteriorY = 1289.19067382
CasaInteriorZ = 1082.14062500
