CasaDono = Nenhum
Casa Texto = Nenhum
CasaId = 266
CasaAVenda = 1
CasaPickup = 1273
CasaMapIcon = 31
CasaValor = 30000
CasaInterior = 1
CasaX = 337.18066406
CasaY = 697.33581542
CasaZ = 8.94567298
CasaInteriorX = 224.28799438
CasaInteriorY = 1289.19067382
CasaInteriorZ = 1082.14062500
