CasaDono = Nenhum
Casa Texto = Nenhum
CasaId = 267
CasaAVenda = 1
CasaPickup = 1273
CasaMapIcon = 31
CasaValor = 30000
CasaInterior = 1
CasaX = 349.90948486
CasaY = 713.68328857
CasaZ = 8.88704299
CasaInteriorX = 224.28799438
CasaInteriorY = 1289.19067382
CasaInteriorZ = 1082.14062500
