CasaDono = Nenhum
Casa Texto = Nenhum
CasaId = 268
CasaAVenda = 1
CasaPickup = 1273
CasaMapIcon = 31
CasaValor = 30000
CasaInterior = 1
CasaX = 343.97033691
CasaY = 724.36071777
CasaZ = 9.42134284
CasaInteriorX = 224.28799438
CasaInteriorY = 1289.19067382
CasaInteriorZ = 1082.14062500
