CasaDono = Nenhum
Casa Texto = Nenhum
CasaId = 269
CasaAVenda = 1
CasaPickup = 1273
CasaMapIcon = 31
CasaValor = 30000
CasaInterior = 1
CasaX = 327.62765502
CasaY = 704.10089111
CasaZ = 8.54067325
CasaInteriorX = 224.28799438
CasaInteriorY = 1289.19067382
CasaInteriorZ = 1082.14062500
