CasaDono = Nenhum
Casa Texto = Nenhum
CasaId = 270
CasaAVenda = 1
CasaPickup = 1273
CasaMapIcon = 31
CasaValor = 30000
CasaInterior = 1
CasaX = 317.03543090
CasaY = 710.11773681
CasaZ = 8.54067325
CasaInteriorX = 224.28799438
CasaInteriorY = 1289.19067382
CasaInteriorZ = 1082.14062500
