CasaDono = Nenhum
Casa Texto = Nenhum
CasaId = 271
CasaAVenda = 1
CasaPickup = 1273
CasaMapIcon = 31
CasaValor = 30000
CasaInterior = 1
CasaX = 306.19458007
CasaY = 714.68444824
CasaZ = 9.17550277
CasaInteriorX = 224.28799438
CasaInteriorY = 1289.19067382
CasaInteriorZ = 1082.14062500
