CasaDono = Nenhum
Casa Texto = Nenhum
CasaId = 272
CasaAVenda = 1
CasaPickup = 1273
CasaMapIcon = 31
CasaValor = 30000
CasaInterior = 1
CasaX = 295.07089233
CasaY = 718.06396484
CasaZ = 8.94505310
CasaInteriorX = 224.28799438
CasaInteriorY = 1289.19067382
CasaInteriorZ = 1082.14062500
