CasaDono = Nenhum
Casa Texto = Nenhum
CasaId = 274
CasaAVenda = 1
CasaPickup = 1273
CasaMapIcon = 31
CasaValor = 30000
CasaInterior = 1
CasaX = 271.83395385
CasaY = 722.85345458
CasaZ = 8.69072341
CasaInteriorX = 224.28799438
CasaInteriorY = 1289.19067382
CasaInteriorZ = 1082.14062500
