CasaDono = Nenhum
Casa Texto = Nenhum
CasaId = 280
CasaAVenda = 1
CasaPickup = 1273
CasaMapIcon = 31
CasaValor = 300000
CasaInterior = 1
CasaX = 1667.26806640
CasaY = -2106.93920898
CasaZ = 14.07227325
CasaInteriorX = 224.28799438
CasaInteriorY = 1289.19067382
CasaInteriorZ = 1082.14062500
