CasaDono = Nenhum
Casa Texto = Nenhum
CasaId = 282
CasaAVenda = 1
CasaPickup = 1273
CasaMapIcon = 31
CasaValor = 300000
CasaInterior = 1
CasaX = 1695.45568847
CasaY = -2125.69775390
CasaZ = 13.81007671
CasaInteriorX = 224.28799438
CasaInteriorY = 1289.19067382
CasaInteriorZ = 1082.14062500
