CasaDono = Nenhum
Casa Texto = Nenhum
CasaId = 285
CasaAVenda = 1
CasaPickup = 1273
CasaMapIcon = 31
CasaValor = 300000
CasaInterior = 1
CasaX = 1715.12683105
CasaY = -2125.44384765
CasaZ = 14.05664825
CasaInteriorX = 224.28799438
CasaInteriorY = 1289.19067382
CasaInteriorZ = 1082.14062500
