CasaDono = Nenhum
Casa Texto = Nenhum
CasaId = 286
CasaAVenda = 1
CasaPickup = 1273
CasaMapIcon = 31
CasaValor = 300000
CasaInterior = 1
CasaX = 1733.91137695
CasaY = -2097.97509765
CasaZ = 14.03663921
CasaInteriorX = 224.28799438
CasaInteriorY = 1289.19067382
CasaInteriorZ = 1082.14062500
