CasaDono = Nenhum
Casa Texto = Nenhum
CasaId = 288
CasaAVenda = 1
CasaPickup = 1273
CasaMapIcon = 31
CasaValor = 300000
CasaInterior = 1
CasaX = 1762.41027832
CasaY = -2101.98706054
CasaZ = 13.85695171
CasaInteriorX = 224.28799438
CasaInteriorY = 1289.19067382
CasaInteriorZ = 1082.14062500
