CasaDono = Nenhum
Casa Texto = Nenhum
CasaId = 29
CasaAVenda = 1
CasaPickup = 1273
CasaMapIcon = 31
CasaValor = 80000
CasaInterior = 1
CasaX = 1913.81018066
CasaY = -1992.11596679
CasaZ = 13.54687500
CasaInteriorX = 224.28799438
CasaInteriorY = 1289.19067382
CasaInteriorZ = 1082.14062500
