CasaDono = Nenhum
Casa Texto = Nenhum
CasaId = 291
CasaAVenda = 1
CasaPickup = 1273
CasaMapIcon = 31
CasaValor = 300000
CasaInterior = 1
CasaX = 1782.27038574
CasaY = -2126.32104492
CasaZ = 14.06788921
CasaInteriorX = 224.28799438
CasaInteriorY = 1289.19067382
CasaInteriorZ = 1082.14062500
