CasaDono = Nenhum
Casa Texto = Nenhum
CasaId = 292
CasaAVenda = 1
CasaPickup = 1273
CasaMapIcon = 31
CasaValor = 300000
CasaInterior = 1
CasaX = 1804.21972656
CasaY = -2124.90234375
CasaZ = 13.94237327
CasaInteriorX = 224.28799438
CasaInteriorY = 1289.19067382
CasaInteriorZ = 1082.14062500
