CasaDono = Nenhum
Casa Texto = Nenhum
CasaId = 295
CasaAVenda = 1
CasaPickup = 1273
CasaMapIcon = 31
CasaValor = 100000
CasaInterior = 1
CasaX = 1566.45373535
CasaY = -2177.44580078
CasaZ = 13.92967510
CasaInteriorX = 224.28799438
CasaInteriorY = 1289.19067382
CasaInteriorZ = 1082.14062500
