CasaDono = Nenhum
Casa Texto = Nenhum
CasaId = 296
CasaAVenda = 1
CasaPickup = 1273
CasaMapIcon = 31
CasaValor = 30000
CasaInterior = 1
CasaX = 2362.88403320
CasaY = -1643.14245605
CasaZ = 14.35156250
CasaInteriorX = 224.28799438
CasaInteriorY = 1289.19067382
CasaInteriorZ = 1082.14062500
