CasaDono = Nenhum
Casa Texto = Nenhum
CasaId = 298
CasaAVenda = 1
CasaPickup = 1273
CasaMapIcon = 31
CasaValor = 30000
CasaInterior = 1
CasaX = 2393.27514648
CasaY = -1646.03930664
CasaZ = 13.90509700
CasaInteriorX = 224.28799438
CasaInteriorY = 1289.19067382
CasaInteriorZ = 1082.14062500
