CasaDono = Nenhum
Casa Texto = Nenhum
CasaId = 3
CasaAVenda = 0
CasaPickup = 1272
CasaMapIcon = 32
CasaValor = 3000000
CasaInterior = 5
CasaX = 1331.95495605
CasaY = -633.55694580
CasaZ = 109.13490295
CasaInteriorX = 140.36790466
CasaInteriorY = 1367.88366699
CasaInteriorZ = 1083.86206054
CasaTexto = Nenhum
