CasaDono = Nenhum
Casa Texto = Nenhum
CasaId = 30
CasaAVenda = 1
CasaPickup = 1273
CasaMapIcon = 31
CasaValor = 80000
CasaInterior = 1
CasaX = 1900.74133300
CasaY = -1979.44726562
CasaZ = 13.54687500
CasaInteriorX = 224.28799438
CasaInteriorY = 1289.19067382
CasaInteriorZ = 1082.14062500
