CasaDono = Nenhum
Casa Texto = Nenhum
CasaId = 303
CasaAVenda = 1
CasaPickup = 1273
CasaMapIcon = 31
CasaValor = 30000
CasaInterior = 1
CasaX = 2429.44750976
CasaY = -1637.63549804
CasaZ = 13.66860294
CasaInteriorX = 224.28799438
CasaInteriorY = 1289.19067382
CasaInteriorZ = 1082.14062500
