CasaDono = Nenhum
Casa Texto = Nenhum
CasaId = 304
CasaAVenda = 1
CasaPickup = 1273
CasaMapIcon = 31
CasaValor = 30000
CasaInterior = 1
CasaX = -1996.01269531
CasaY = -49.95472335
CasaZ = 35.81417465
CasaInteriorX = 224.28799438
CasaInteriorY = 1289.19067382
CasaInteriorZ = 1082.14062500
