CasaDono = Nenhum
Casa Texto = Nenhum
CasaId = 305
CasaAVenda = 1
CasaPickup = 1273
CasaMapIcon = 31
CasaValor = 30000
CasaInterior = 1
CasaX = -1996.02502441
CasaY = -30.16926574
CasaZ = 35.68587493
CasaInteriorX = 224.28799438
CasaInteriorY = 1289.19067382
CasaInteriorZ = 1082.14062500
