CasaDono = Nenhum
Casa Texto = Nenhum
CasaId = 306
CasaAVenda = 1
CasaPickup = 1273
CasaMapIcon = 31
CasaValor = 30000
CasaInterior = 1
CasaX = -1996.00854492
CasaY = -8.97037696
CasaZ = 35.42918777
CasaInteriorX = 224.28799438
CasaInteriorY = 1289.19067382
CasaInteriorZ = 1082.14062500
