CasaDono = Nenhum
Casa Texto = Nenhum
CasaId = 307
CasaAVenda = 1
CasaPickup = 1273
CasaMapIcon = 31
CasaValor = 30000
CasaInterior = 1
CasaX = -1995.97229003
CasaY = 8.32687568
CasaZ = 34.42540359
CasaInteriorX = 224.28799438
CasaInteriorY = 1289.19067382
CasaInteriorZ = 1082.14062500
