CasaDono = Nenhum
Casa Texto = Nenhum
CasaId = 35
CasaAVenda = 0
CasaPickup = 1272
CasaMapIcon = 32
CasaValor = 500000
CasaInterior = 5
CasaX = 316.37350463
CasaY = -1769.70190429
CasaZ = 4.63615942
CasaInteriorX = 227.75590515
CasaInteriorY = 1114.38439941
CasaInteriorZ = 1080.99218750
CasaTexto = Nenhum
