CasaDono = Nenhum
Casa Texto = Nenhum
CasaId = 37
CasaAVenda = 1
CasaPickup = 1273
CasaMapIcon = 31
CasaValor = 150000
CasaInterior = 6
CasaX = 2407.98168945
CasaY = -1106.97265625
CasaZ = 40.29572296
CasaInteriorX = -68.51450347
CasaInteriorY = 1353.84851074
CasaInteriorZ = 1080.21093750
