CasaDono = Nenhum
Casa Texto = Nenhum
CasaId = 38
CasaAVenda = 1
CasaPickup = 1273
CasaMapIcon = 31
CasaValor = 300000
CasaInterior = 2
CasaX = 264.33953857
CasaY = -1765.45971679
CasaZ = 4.75678634
CasaInteriorX = 225.57069396
CasaInteriorY = 1240.06433105
CasaInteriorZ = 1082.14062500
