CasaDono = Nenhum
Casa Texto = Nenhum
CasaId = 4
CasaAVenda = 1
CasaPickup = 1273
CasaMapIcon = 31
CasaValor = 2000000
CasaInterior = 5
CasaX = 1035.13110351
CasaY = -813.06884765
CasaZ = 101.85156250
CasaInteriorX = 140.36790466
CasaInteriorY = 1367.88366699
CasaInteriorZ = 1083.86206054
