CasaDono = Nenhum
Casa Texto = Nenhum
CasaId = 43
CasaAVenda = 1
CasaPickup = 1273
CasaMapIcon = 31
CasaValor = 500000
CasaInterior = 2
CasaX = 652.66662597
CasaY = -1694.10791015
CasaZ = 14.55086803
CasaInteriorX = 225.57069396
CasaInteriorY = 1240.06433105
CasaInteriorZ = 1082.14062500
