CasaDono = Nenhum
Casa Texto = Nenhum
CasaId = 44
CasaAVenda = 1
CasaPickup = 1273
CasaMapIcon = 31
CasaValor = 500000
CasaInterior = 2
CasaX = 653.40625000
CasaY = -1713.70764160
CasaZ = 14.76479530
CasaInteriorX = 225.57069396
CasaInteriorY = 1240.06433105
CasaInteriorZ = 1082.14062500
