CasaDono = Nenhum
Casa Texto = Nenhum
CasaId = 45
CasaAVenda = 1
CasaPickup = 1273
CasaMapIcon = 31
CasaValor = 500000
CasaInterior = 2
CasaX = 657.07879638
CasaY = -1652.34460449
CasaZ = 15.40625000
CasaInteriorX = 225.57069396
CasaInteriorY = 1240.06433105
CasaInteriorZ = 1082.14062500
