CasaDono = Nenhum
Casa Texto = Nenhum
CasaId = 46
CasaAVenda = 1
CasaPickup = 1273
CasaMapIcon = 31
CasaValor = 500000
CasaInterior = 2
CasaX = 653.06030273
CasaY = -1619.53234863
CasaZ = 15.00000000
CasaInteriorX = 225.57069396
CasaInteriorY = 1240.06433105
CasaInteriorZ = 1082.14062500
