CasaDono = Nenhum
Casa Texto = Nenhum
CasaId = 47
CasaAVenda = 1
CasaPickup = 1273
CasaMapIcon = 31
CasaValor = 500000
CasaInterior = 2
CasaX = 692.61120605
CasaY = -1602.63562011
CasaZ = 15.04687500
CasaInteriorX = 225.57069396
CasaInteriorY = 1240.06433105
CasaInteriorZ = 1082.14062500
