CasaDono = Nenhum
Casa Texto = Nenhum
CasaId = 49
CasaAVenda = 1
CasaPickup = 1273
CasaMapIcon = 31
CasaValor = 400000
CasaInterior = 5
CasaX = 859.10345458
CasaY = -1423.22875976
CasaZ = 12.29962062
CasaInteriorX = 227.75590515
CasaInteriorY = 1114.38439941
CasaInteriorZ = 1080.99218750
