CasaDono = Nenhum
Casa Texto = Nenhum
CasaId = 5
CasaAVenda = 1
CasaPickup = 1273
CasaMapIcon = 31
CasaValor = 2500000
CasaInterior = 5
CasaX = 1094.13842773
CasaY = -807.10687255
CasaZ = 107.41804504
CasaInteriorX = 140.36790466
CasaInteriorY = 1367.88366699
CasaInteriorZ = 1083.86206054
