CasaDono = Nenhum
Casa Texto = Nenhum
CasaId = 52
CasaAVenda = 1
CasaPickup = 1273
CasaMapIcon = 31
CasaValor = 400000
CasaInterior = 5
CasaX = 942.55908203
CasaY = -1417.96313476
CasaZ = 13.54687500
CasaInteriorX = 227.75590515
CasaInteriorY = 1114.38439941
CasaInteriorZ = 1080.99218750
