CasaDono = Nenhum
Casa Texto = Nenhum
CasaId = 53
CasaAVenda = 1
CasaPickup = 1273
CasaMapIcon = 31
CasaValor = 150000
CasaInterior = 2
CasaX = 2129.52807617
CasaY = -1361.68884277
CasaZ = 26.13631629
CasaInteriorX = 225.57069396
CasaInteriorY = 1240.06433105
CasaInteriorZ = 1082.14062500
