CasaDono = Nenhum
Casa Texto = Nenhum
CasaId = 54
CasaAVenda = 1
CasaPickup = 1273
CasaMapIcon = 31
CasaValor = 150000
CasaInterior = 2
CasaX = 2147.62573242
CasaY = -1366.11938476
CasaZ = 25.97225379
CasaInteriorX = 225.57069396
CasaInteriorY = 1240.06433105
CasaInteriorZ = 1082.14062500
