CasaDono = Nenhum
Casa Texto = Nenhum
CasaId = 58
CasaAVenda = 1
CasaPickup = 1273
CasaMapIcon = 31
CasaValor = 150000
CasaInterior = 2
CasaX = 2255.71972656
CasaY = -1397.10388183
CasaZ = 24.24334716
CasaInteriorX = 225.57069396
CasaInteriorY = 1240.06433105
CasaInteriorZ = 1082.14062500
