CasaDono = Nenhum
Casa Texto = Nenhum
CasaId = 60
CasaAVenda = 1
CasaPickup = 1273
CasaMapIcon = 31
CasaValor = 500000
CasaInterior = 5
CasaX = 2842.16845703
CasaY = -1334.78356933
CasaZ = 14.74211883
CasaInteriorX = 227.75590515
CasaInteriorY = 1114.38439941
CasaInteriorZ = 1080.99218750
