CasaDono = Nenhum
Casa Texto = Nenhum
CasaId = 63
CasaAVenda = 1
CasaPickup = 1273
CasaMapIcon = 31
CasaValor = 80000
CasaInterior = 1
CasaX = 2274.80346679
CasaY = -1791.00402832
CasaZ = 13.62812519
CasaInteriorX = 224.28799438
CasaInteriorY = 1289.19067382
CasaInteriorZ = 1082.14062500
