CasaDono = Nenhum
Casa Texto = Nenhum
CasaId = 7
CasaAVenda = 1
CasaPickup = 1273
CasaMapIcon = 31
CasaValor = 3000000
CasaInterior = 5
CasaX = 980.57745361
CasaY = -677.20867919
CasaZ = 121.97625732
CasaInteriorX = 140.36790466
CasaInteriorY = 1367.88366699
CasaInteriorZ = 1083.86206054
