CasaDono = Nenhum
Casa Texto = Nenhum
CasaId = 74
CasaAVenda = 1
CasaPickup = 1273
CasaMapIcon = 31
CasaValor = 150000
CasaInterior = 6
CasaX = 2470.39257812
CasaY = -1105.25183105
CasaZ = 44.48788070
CasaInteriorX = -68.51450347
CasaInteriorY = 1353.84851074
CasaInteriorZ = 1080.21093750
