CasaDono = Nenhum
Casa Texto = Nenhum
CasaId = 77
CasaAVenda = 1
CasaPickup = 1273
CasaMapIcon = 31
CasaValor = 150000
CasaInterior = 6
CasaX = 2512.94238281
CasaY = -1027.17102050
CasaZ = 70.08593750
CasaInteriorX = -68.51450347
CasaInteriorY = 1353.84851074
CasaInteriorZ = 1080.21093750
