CasaDono = Nenhum
Casa Texto = Nenhum
CasaId = 78
CasaAVenda = 1
CasaPickup = 1273
CasaMapIcon = 31
CasaValor = 150000
CasaInterior = 6
CasaX = 2499.63305664
CasaY = -1064.68212890
CasaZ = 70.13281250
CasaInteriorX = -68.51450347
CasaInteriorY = 1353.84851074
CasaInteriorZ = 1080.21093750
