CasaDono = Nenhum
Casa Texto = Nenhum
CasaId = 8
CasaAVenda = 1
CasaPickup = 1273
CasaMapIcon = 31
CasaValor = 2500000
CasaInterior = 5
CasaX = 1044.87170410
CasaY = -642.99108886
CasaZ = 120.11718750
CasaInteriorX = 140.36790466
CasaInteriorY = 1367.88366699
CasaInteriorZ = 1083.86206054
