CasaDono = Nenhum
Casa Texto = Nenhum
CasaId = 82
CasaAVenda = 1
CasaPickup = 1273
CasaMapIcon = 31
CasaValor = 400000
CasaInterior = 5
CasaX = 1570.13647460
CasaY = 2711.11010742
CasaZ = 10.82031250
CasaInteriorX = 227.75590515
CasaInteriorY = 1114.38439941
CasaInteriorZ = 1080.99218750
