CasaDono = Nenhum
Casa Texto = Nenhum
CasaId = 9
CasaAVenda = 1
CasaPickup = 1273
CasaMapIcon = 31
CasaValor = 3000000
CasaInterior = 5
CasaX = 1095.14392089
CasaY = -647.91375732
CasaZ = 113.64843750
CasaInteriorX = 140.36790466
CasaInteriorY = 1367.88366699
CasaInteriorZ = 1083.86206054
