CasaDono = Nenhum
Casa Texto = Nenhum
CasaId = 91
CasaAVenda = 1
CasaPickup = 1273
CasaMapIcon = 31
CasaValor = 400000
CasaInterior = 5
CasaX = 1969.65539550
CasaY = 2721.95483398
CasaZ = 11.29893302
CasaInteriorX = 227.75590515
CasaInteriorY = 1114.38439941
CasaInteriorZ = 1080.99218750
