CasaDono = Nenhum
Casa Texto = Nenhum
CasaId = 92
CasaAVenda = 1
CasaPickup = 1273
CasaMapIcon = 31
CasaValor = 400000
CasaInterior = 5
CasaX = 1998.94812011
CasaY = 2721.27661132
CasaZ = 10.82031250
CasaInteriorX = 227.75590515
CasaInteriorY = 1114.38439941
CasaInteriorZ = 1080.99218750
