CasaDono = Nenhum
Casa Texto = Nenhum
CasaId = 95
CasaAVenda = 1
CasaPickup = 1273
CasaMapIcon = 31
CasaValor = 400000
CasaInterior = 5
CasaX = -1681.10729980
CasaY = 1350.09252929
CasaZ = 7.17218971
CasaInteriorX = 227.75590515
CasaInteriorY = 1114.38439941
CasaInteriorZ = 1080.99218750
