CasaDono = Nenhum
Casa Texto = Nenhum
CasaId = 99
CasaAVenda = 1
CasaPickup = 1273
CasaMapIcon = 31
CasaValor = 400000
CasaInterior = 5
CasaX = -1664.29772949
CasaY = 1406.13378906
CasaZ = 7.17968750
CasaInteriorX = 227.75590515
CasaInteriorY = 1114.38439941
CasaInteriorZ = 1080.99218750
